printing entry
['CONV_1', 5, 5, 4, 4, 1, 4, 1, 1, None]
====================================================
******************* SCALE SIM **********************
====================================================
Array Size: 	4x4
SRAM IFMAP (kB): 	4
SRAM Filter (kB): 	4
SRAM OFMAP (kB): 	4
Dataflow: 	Weight Stationary
CSV file path: 	topologies/sparsity/conv_mix.csv
Bandwidth: 	50
Working in USE USER BANDWIDTH mode.
====================================================

Running Layer 0
row_indices
[[ 0]
 [ 1]
 [ 2]
 [ 3]
 [ 4]
 [ 5]
 [ 6]
 [ 7]
 [ 8]
 [ 9]
 [10]
 [11]
 [12]
 [13]
 [14]
 [15]]
col_indices
[0 1 2 3]
self.filter_addr_matrix
[[100 116 132 148]
 [101 117 133 149]
 [102 118 134 150]
 [103 119 135 151]
 [104 120 136 152]
 [105 121 137 153]
 [106 122 138 154]
 [107 123 139 155]
 [108 124 140 156]
 [109 125 141 157]
 [110 126 142 158]
 [111 127 143 159]
 [112 128 144 160]
 [113 129 145 161]
 [114 130 146 162]
 [115 131 147 163]]
INSIDE INPUT FILTER DEMAND MATRIX CREATION FUNCTION
self.batch_size in ifmap function is  1
row_indices
[0 1 2 3]
col_indices
[ 0  1  2  3  4  5  6  7  8  9 10 11 12 13 14 15]
i meshgrid
[[0 0 0 0 0 0 0 0 0 0 0 0 0 0 0 0]
 [1 1 1 1 1 1 1 1 1 1 1 1 1 1 1 1]
 [2 2 2 2 2 2 2 2 2 2 2 2 2 2 2 2]
 [3 3 3 3 3 3 3 3 3 3 3 3 3 3 3 3]]
j meshgrid
[[ 0  1  2  3  4  5  6  7  8  9 10 11 12 13 14 15]
 [ 0  1  2  3  4  5  6  7  8  9 10 11 12 13 14 15]
 [ 0  1  2  3  4  5  6  7  8  9 10 11 12 13 14 15]
 [ 0  1  2  3  4  5  6  7  8  9 10 11 12 13 14 15]]
self.ifmap_addr_matrix
[[ 0  1  2  3  5  6  7  8 10 11 12 13 15 16 17 18]
 [ 1  2  3  4  6  7  8  9 11 12 13 14 16 17 18 19]
 [ 5  6  7  8 10 11 12 13 15 16 17 18 20 21 22 23]
 [ 6  7  8  9 11 12 13 14 16 17 18 19 21 22 23 24]]
col_indices
[0 1 2 3]
self.ofmap_addr_matrix
[[200 201 202 203]
 [204 205 206 207]
 [208 209 210 211]
 [212 213 214 215]]
these are the demand matrices
[[ 0  1  2  3  5  6  7  8 10 11 12 13 15 16 17 18]
 [ 1  2  3  4  6  7  8  9 11 12 13 14 16 17 18 19]
 [ 5  6  7  8 10 11 12 13 15 16 17 18 20 21 22 23]
 [ 6  7  8  9 11 12 13 14 16 17 18 19 21 22 23 24]]
[[100 116 132 148]
 [101 117 133 149]
 [102 118 134 150]
 [103 119 135 151]
 [104 120 136 152]
 [105 121 137 153]
 [106 122 138 154]
 [107 123 139 155]
 [108 124 140 156]
 [109 125 141 157]
 [110 126 142 158]
 [111 127 143 159]
 [112 128 144 160]
 [113 129 145 161]
 [114 130 146 162]
 [115 131 147 163]]
[[200 201 202 203]
 [204 205 206 207]
 [208 209 210 211]
 [212 213 214 215]]
layer_calc_params[0] * layer_calc_params[1] * num_filters =  2 2 4
self.num_compute = self.topo.get_layer_num_ofmap_px(self.layer_id) * self.topo.get_layer_window_size(self.layer_id)
Nofmap: Number of OFMAP pixels generated by filter
layer_calc_params[0] * layer_calc_params[1] * num_filters =  2 2 4
256 = 16 * 16
self.layer_id  0
filter matrix in create_filter_prefetch_mat
[[100 116 132 148]
 [101 117 133 149]
 [102 118 134 150]
 [103 119 135 151]
 [104 120 136 152]
 [105 121 137 153]
 [106 122 138 154]
 [107 123 139 155]
 [108 124 140 156]
 [109 125 141 157]
 [110 126 142 158]
 [111 127 143 159]
 [112 128 144 160]
 [113 129 145 161]
 [114 130 146 162]
 [115 131 147 163]]
End
These are the demand matrices
[[-1. -1. -1. -1.]
 [-1. -1. -1. -1.]
 [-1. -1. -1. -1.]
 [-1. -1. -1. -1.]
 [ 0. -1. -1. -1.]
 [ 1.  1. -1. -1.]
 [ 5.  2.  2. -1.]
 [ 6.  6.  3.  3.]
 [-1.  7.  7.  4.]
 [-1. -1.  8.  8.]
 [-1. -1. -1.  9.]
 [-1. -1. -1. -1.]
 [-1. -1. -1. -1.]
 [-1. -1. -1. -1.]
 [-1. -1. -1. -1.]
 [-1. -1. -1. -1.]
 [-1. -1. -1. -1.]
 [-1. -1. -1. -1.]
 [ 5. -1. -1. -1.]
 [ 6.  6. -1. -1.]
 [10.  7.  7. -1.]
 [11. 11.  8.  8.]
 [-1. 12. 12.  9.]
 [-1. -1. 13. 13.]
 [-1. -1. -1. 14.]
 [-1. -1. -1. -1.]
 [-1. -1. -1. -1.]
 [-1. -1. -1. -1.]
 [-1. -1. -1. -1.]
 [-1. -1. -1. -1.]
 [-1. -1. -1. -1.]
 [-1. -1. -1. -1.]
 [10. -1. -1. -1.]
 [11. 11. -1. -1.]
 [15. 12. 12. -1.]
 [16. 16. 13. 13.]
 [-1. 17. 17. 14.]
 [-1. -1. 18. 18.]
 [-1. -1. -1. 19.]
 [-1. -1. -1. -1.]
 [-1. -1. -1. -1.]
 [-1. -1. -1. -1.]
 [-1. -1. -1. -1.]
 [-1. -1. -1. -1.]
 [-1. -1. -1. -1.]
 [-1. -1. -1. -1.]
 [15. -1. -1. -1.]
 [16. 16. -1. -1.]
 [20. 17. 17. -1.]
 [21. 21. 18. 18.]
 [-1. 22. 22. 19.]
 [-1. -1. 23. 23.]
 [-1. -1. -1. 24.]
 [-1. -1. -1. -1.]
 [-1. -1. -1. -1.]
 [-1. -1. -1. -1.]]
[[103. 119. 135. 151.]
 [102. 118. 134. 150.]
 [101. 117. 133. 149.]
 [100. 116. 132. 148.]
 [ -1.  -1.  -1.  -1.]
 [ -1.  -1.  -1.  -1.]
 [ -1.  -1.  -1.  -1.]
 [ -1.  -1.  -1.  -1.]
 [ -1.  -1.  -1.  -1.]
 [ -1.  -1.  -1.  -1.]
 [ -1.  -1.  -1.  -1.]
 [ -1.  -1.  -1.  -1.]
 [ -1.  -1.  -1.  -1.]
 [ -1.  -1.  -1.  -1.]
 [107. 123. 139. 155.]
 [106. 122. 138. 154.]
 [105. 121. 137. 153.]
 [104. 120. 136. 152.]
 [ -1.  -1.  -1.  -1.]
 [ -1.  -1.  -1.  -1.]
 [ -1.  -1.  -1.  -1.]
 [ -1.  -1.  -1.  -1.]
 [ -1.  -1.  -1.  -1.]
 [ -1.  -1.  -1.  -1.]
 [ -1.  -1.  -1.  -1.]
 [ -1.  -1.  -1.  -1.]
 [ -1.  -1.  -1.  -1.]
 [ -1.  -1.  -1.  -1.]
 [111. 127. 143. 159.]
 [110. 126. 142. 158.]
 [109. 125. 141. 157.]
 [108. 124. 140. 156.]
 [ -1.  -1.  -1.  -1.]
 [ -1.  -1.  -1.  -1.]
 [ -1.  -1.  -1.  -1.]
 [ -1.  -1.  -1.  -1.]
 [ -1.  -1.  -1.  -1.]
 [ -1.  -1.  -1.  -1.]
 [ -1.  -1.  -1.  -1.]
 [ -1.  -1.  -1.  -1.]
 [ -1.  -1.  -1.  -1.]
 [ -1.  -1.  -1.  -1.]
 [115. 131. 147. 163.]
 [114. 130. 146. 162.]
 [113. 129. 145. 161.]
 [112. 128. 144. 160.]
 [ -1.  -1.  -1.  -1.]
 [ -1.  -1.  -1.  -1.]
 [ -1.  -1.  -1.  -1.]
 [ -1.  -1.  -1.  -1.]
 [ -1.  -1.  -1.  -1.]
 [ -1.  -1.  -1.  -1.]
 [ -1.  -1.  -1.  -1.]
 [ -1.  -1.  -1.  -1.]
 [ -1.  -1.  -1.  -1.]
 [ -1.  -1.  -1.  -1.]]
[[ -1.  -1.  -1.  -1.]
 [ -1.  -1.  -1.  -1.]
 [ -1.  -1.  -1.  -1.]
 [ -1.  -1.  -1.  -1.]
 [ -1.  -1.  -1.  -1.]
 [ -1.  -1.  -1.  -1.]
 [ -1.  -1.  -1.  -1.]
 [200.  -1.  -1.  -1.]
 [204. 201.  -1.  -1.]
 [208. 205. 202.  -1.]
 [212. 209. 206. 203.]
 [ -1. 213. 210. 207.]
 [ -1.  -1. 214. 211.]
 [ -1.  -1.  -1. 215.]
 [ -1.  -1.  -1.  -1.]
 [ -1.  -1.  -1.  -1.]
 [ -1.  -1.  -1.  -1.]
 [ -1.  -1.  -1.  -1.]
 [ -1.  -1.  -1.  -1.]
 [ -1.  -1.  -1.  -1.]
 [ -1.  -1.  -1.  -1.]
 [200.  -1.  -1.  -1.]
 [204. 201.  -1.  -1.]
 [208. 205. 202.  -1.]
 [212. 209. 206. 203.]
 [ -1. 213. 210. 207.]
 [ -1.  -1. 214. 211.]
 [ -1.  -1.  -1. 215.]
 [ -1.  -1.  -1.  -1.]
 [ -1.  -1.  -1.  -1.]
 [ -1.  -1.  -1.  -1.]
 [ -1.  -1.  -1.  -1.]
 [ -1.  -1.  -1.  -1.]
 [ -1.  -1.  -1.  -1.]
 [ -1.  -1.  -1.  -1.]
 [200.  -1.  -1.  -1.]
 [204. 201.  -1.  -1.]
 [208. 205. 202.  -1.]
 [212. 209. 206. 203.]
 [ -1. 213. 210. 207.]
 [ -1.  -1. 214. 211.]
 [ -1.  -1.  -1. 215.]
 [ -1.  -1.  -1.  -1.]
 [ -1.  -1.  -1.  -1.]
 [ -1.  -1.  -1.  -1.]
 [ -1.  -1.  -1.  -1.]
 [ -1.  -1.  -1.  -1.]
 [ -1.  -1.  -1.  -1.]
 [ -1.  -1.  -1.  -1.]
 [200.  -1.  -1.  -1.]
 [204. 201.  -1.  -1.]
 [208. 205. 202.  -1.]
 [212. 209. 206. 203.]
 [ -1. 213. 210. 207.]
 [ -1.  -1. 214. 211.]
 [ -1.  -1.  -1. 215.]]
Compute cycles: 55
Stall cycles: 0
Overall utilization: 29.09%
Mapping efficiency: 100.00%
Average IFMAP SRAM BW: 4.655 words/cycle
Average Filter SRAM BW: 1.164 words/cycle
Average Filter Metadata SRAM BW: 0.000 words/cycle
Average OFMAP SRAM BW: 1.164 words/cycle
Average IFMAP DRAM BW: 50.000 words/cycle
Average Filter DRAM BW: 50.000 words/cycle
Average OFMAP DRAM BW: 32.000 words/cycle
************ SCALE SIM Run Complete ****************
