row in load_array_gemm
Layer Name, M, N, K,

row in load_array_gemm
GEMM_1, 1, 5, 16,

printing entry
['GEMM_1', 1, 16, 1, 16, 1, 5, 1, 1, None]
topo arrays after append_topo_arrays
[['GEMM_1', 1, 16, 1, 16, 1, 5, 1, 1, None]]
====================================================
******************* SCALE SIM **********************
====================================================
Array Size: 	4x4
SRAM IFMAP (kB): 	1
SRAM Filter (kB): 	1
SRAM OFMAP (kB): 	1
Dataflow: 	Weight Stationary
CSV file path: 	topologies/sparsity/gemm_mix.csv
Bandwidth: 	50
Working in USE USER BANDWIDTH mode.
====================================================

Running Layer 0
self.filter_addr_matrix
(16, 5)
[[100 116 132 148 164]
 [101 117 133 149 165]
 [102 118 134 150 166]
 [103 119 135 151 167]
 [104 120 136 152 168]
 [105 121 137 153 169]
 [106 122 138 154 170]
 [107 123 139 155 171]
 [108 124 140 156 172]
 [109 125 141 157 173]
 [110 126 142 158 174]
 [111 127 143 159 175]
 [112 128 144 160 176]
 [113 129 145 161 177]
 [114 130 146 162 178]
 [115 131 147 163 179]]
INSIDE INPUT FILTER DEMAND MATRIX CREATION FUNCTION
self.batch_size in ifmap function is  1
self.ifmap_addr_matrix
(1, 16)
[[ 0  1  2  3  4  5  6  7  8  9 10 11 12 13 14 15]]
col_indices
[0 1 2 3 4]
self.ofmap_addr_matrix
[[200 201 202 203 204]]
these are the operand matrices
(1, 16)
(16, 5)
(1, 5)
[[ 0  1  2  3  4  5  6  7  8  9 10 11 12 13 14 15]]
[[100 116 132 148 164]
 [101 117 133 149 165]
 [102 118 134 150 166]
 [103 119 135 151 167]
 [104 120 136 152 168]
 [105 121 137 153 169]
 [106 122 138 154 170]
 [107 123 139 155 171]
 [108 124 140 156 172]
 [109 125 141 157 173]
 [110 126 142 158 174]
 [111 127 143 159 175]
 [112 128 144 160 176]
 [113 129 145 161 177]
 [114 130 146 162 178]
 [115 131 147 163 179]]
[[200 201 202 203 204]]
layer_calc_params[0] * layer_calc_params[1] * num_filters =  1 1 5
self.num_compute = self.topo.get_layer_num_ofmap_px(self.layer_id) * self.topo.get_layer_window_size(self.layer_id)
Nofmap: Number of OFMAP pixels generated by filter
layer_calc_params[0] * layer_calc_params[1] * num_filters =  1 1 5
80 = 5 * 16
self.layer_id  0
filter matrix in create_filter_prefetch_mat
[[100 116 132 148 164]
 [101 117 133 149 165]
 [102 118 134 150 166]
 [103 119 135 151 167]
 [104 120 136 152 168]
 [105 121 137 153 169]
 [106 122 138 154 170]
 [107 123 139 155 171]
 [108 124 140 156 172]
 [109 125 141 157 173]
 [110 126 142 158 174]
 [111 127 143 159 175]
 [112 128 144 160 176]
 [113 129 145 161 177]
 [114 130 146 162 178]
 [115 131 147 163 179]]
End
printing self.filter_prefetch_matrix is ws.py
[[100. 116. 132. 148.]
 [101. 117. 133. 149.]
 [102. 118. 134. 150.]
 [103. 119. 135. 151.]
 [104. 120. 136. 152.]
 [105. 121. 137. 153.]
 [106. 122. 138. 154.]
 [107. 123. 139. 155.]
 [108. 124. 140. 156.]
 [109. 125. 141. 157.]
 [110. 126. 142. 158.]
 [111. 127. 143. 159.]
 [112. 128. 144. 160.]
 [113. 129. 145. 161.]
 [114. 130. 146. 162.]
 [115. 131. 147. 163.]
 [164.  -1.  -1.  -1.]
 [165.  -1.  -1.  -1.]
 [166.  -1.  -1.  -1.]
 [167.  -1.  -1.  -1.]
 [168.  -1.  -1.  -1.]
 [169.  -1.  -1.  -1.]
 [170.  -1.  -1.  -1.]
 [171.  -1.  -1.  -1.]
 [172.  -1.  -1.  -1.]
 [173.  -1.  -1.  -1.]
 [174.  -1.  -1.  -1.]
 [175.  -1.  -1.  -1.]
 [176.  -1.  -1.  -1.]
 [177.  -1.  -1.  -1.]
 [178.  -1.  -1.  -1.]
 [179.  -1.  -1.  -1.]]
<<<<<<<<<<<<<<<<<<this_fold_demand>>>>>>>>>>>>>>>>>>>>>>>
[[0 1 2 3]]
4
[[-1. -1. -1. -1.]
 [-1. -1. -1. -1.]
 [-1. -1. -1. -1.]
 [-1. -1. -1. -1.]
 [ 0. -1. -1. -1.]
 [-1.  1. -1. -1.]
 [-1. -1.  2. -1.]
 [-1. -1. -1.  3.]
 [-1. -1. -1. -1.]
 [-1. -1. -1. -1.]
 [-1. -1. -1. -1.]]
<<<<<<<<<<<<<<<<<<this_fold_demand>>>>>>>>>>>>>>>>>>>>>>>
[[4 5 6 7]]
8
[[-1. -1. -1. -1.]
 [-1. -1. -1. -1.]
 [-1. -1. -1. -1.]
 [-1. -1. -1. -1.]
 [ 4. -1. -1. -1.]
 [-1.  5. -1. -1.]
 [-1. -1.  6. -1.]
 [-1. -1. -1.  7.]
 [-1. -1. -1. -1.]
 [-1. -1. -1. -1.]
 [-1. -1. -1. -1.]]
<<<<<<<<<<<<<<<<<<this_fold_demand>>>>>>>>>>>>>>>>>>>>>>>
[[ 8  9 10 11]]
12
[[-1. -1. -1. -1.]
 [-1. -1. -1. -1.]
 [-1. -1. -1. -1.]
 [-1. -1. -1. -1.]
 [ 8. -1. -1. -1.]
 [-1.  9. -1. -1.]
 [-1. -1. 10. -1.]
 [-1. -1. -1. 11.]
 [-1. -1. -1. -1.]
 [-1. -1. -1. -1.]
 [-1. -1. -1. -1.]]
<<<<<<<<<<<<<<<<<<this_fold_demand>>>>>>>>>>>>>>>>>>>>>>>
[[12 13 14 15]]
16
[[-1. -1. -1. -1.]
 [-1. -1. -1. -1.]
 [-1. -1. -1. -1.]
 [-1. -1. -1. -1.]
 [12. -1. -1. -1.]
 [-1. 13. -1. -1.]
 [-1. -1. 14. -1.]
 [-1. -1. -1. 15.]
 [-1. -1. -1. -1.]
 [-1. -1. -1. -1.]
 [-1. -1. -1. -1.]]
<<<<<<<<<<<<<<<<<<this_fold_demand>>>>>>>>>>>>>>>>>>>>>>>
[[0 1 2 3]]
20
[[-1. -1. -1. -1.]
 [-1. -1. -1. -1.]
 [-1. -1. -1. -1.]
 [-1. -1. -1. -1.]
 [ 0. -1. -1. -1.]
 [-1.  1. -1. -1.]
 [-1. -1.  2. -1.]
 [-1. -1. -1.  3.]
 [-1. -1. -1. -1.]
 [-1. -1. -1. -1.]
 [-1. -1. -1. -1.]]
<<<<<<<<<<<<<<<<<<this_fold_demand>>>>>>>>>>>>>>>>>>>>>>>
[[4 5 6 7]]
24
[[-1. -1. -1. -1.]
 [-1. -1. -1. -1.]
 [-1. -1. -1. -1.]
 [-1. -1. -1. -1.]
 [ 4. -1. -1. -1.]
 [-1.  5. -1. -1.]
 [-1. -1.  6. -1.]
 [-1. -1. -1.  7.]
 [-1. -1. -1. -1.]
 [-1. -1. -1. -1.]
 [-1. -1. -1. -1.]]
<<<<<<<<<<<<<<<<<<this_fold_demand>>>>>>>>>>>>>>>>>>>>>>>
[[ 8  9 10 11]]
28
[[-1. -1. -1. -1.]
 [-1. -1. -1. -1.]
 [-1. -1. -1. -1.]
 [-1. -1. -1. -1.]
 [ 8. -1. -1. -1.]
 [-1.  9. -1. -1.]
 [-1. -1. 10. -1.]
 [-1. -1. -1. 11.]
 [-1. -1. -1. -1.]
 [-1. -1. -1. -1.]
 [-1. -1. -1. -1.]]
<<<<<<<<<<<<<<<<<<this_fold_demand>>>>>>>>>>>>>>>>>>>>>>>
[[12 13 14 15]]
32
[[-1. -1. -1. -1.]
 [-1. -1. -1. -1.]
 [-1. -1. -1. -1.]
 [-1. -1. -1. -1.]
 [12. -1. -1. -1.]
 [-1. 13. -1. -1.]
 [-1. -1. 14. -1.]
 [-1. -1. -1. 15.]
 [-1. -1. -1. -1.]
 [-1. -1. -1. -1.]
 [-1. -1. -1. -1.]]
printing self.filter_demand_matrix in ws.py
[[103. 119. 135. 151.]
 [102. 118. 134. 150.]
 [101. 117. 133. 149.]
 [100. 116. 132. 148.]
 [ -1.  -1.  -1.  -1.]
 [ -1.  -1.  -1.  -1.]
 [ -1.  -1.  -1.  -1.]
 [ -1.  -1.  -1.  -1.]
 [ -1.  -1.  -1.  -1.]
 [ -1.  -1.  -1.  -1.]
 [ -1.  -1.  -1.  -1.]
 [107. 123. 139. 155.]
 [106. 122. 138. 154.]
 [105. 121. 137. 153.]
 [104. 120. 136. 152.]
 [ -1.  -1.  -1.  -1.]
 [ -1.  -1.  -1.  -1.]
 [ -1.  -1.  -1.  -1.]
 [ -1.  -1.  -1.  -1.]
 [ -1.  -1.  -1.  -1.]
 [ -1.  -1.  -1.  -1.]
 [ -1.  -1.  -1.  -1.]
 [111. 127. 143. 159.]
 [110. 126. 142. 158.]
 [109. 125. 141. 157.]
 [108. 124. 140. 156.]
 [ -1.  -1.  -1.  -1.]
 [ -1.  -1.  -1.  -1.]
 [ -1.  -1.  -1.  -1.]
 [ -1.  -1.  -1.  -1.]
 [ -1.  -1.  -1.  -1.]
 [ -1.  -1.  -1.  -1.]
 [ -1.  -1.  -1.  -1.]
 [115. 131. 147. 163.]
 [114. 130. 146. 162.]
 [113. 129. 145. 161.]
 [112. 128. 144. 160.]
 [ -1.  -1.  -1.  -1.]
 [ -1.  -1.  -1.  -1.]
 [ -1.  -1.  -1.  -1.]
 [ -1.  -1.  -1.  -1.]
 [ -1.  -1.  -1.  -1.]
 [ -1.  -1.  -1.  -1.]
 [ -1.  -1.  -1.  -1.]
 [167.  -1.  -1.  -1.]
 [166.  -1.  -1.  -1.]
 [165.  -1.  -1.  -1.]
 [164.  -1.  -1.  -1.]
 [ -1.  -1.  -1.  -1.]
 [ -1.  -1.  -1.  -1.]
 [ -1.  -1.  -1.  -1.]
 [ -1.  -1.  -1.  -1.]
 [ -1.  -1.  -1.  -1.]
 [ -1.  -1.  -1.  -1.]
 [ -1.  -1.  -1.  -1.]
 [171.  -1.  -1.  -1.]
 [170.  -1.  -1.  -1.]
 [169.  -1.  -1.  -1.]
 [168.  -1.  -1.  -1.]
 [ -1.  -1.  -1.  -1.]
 [ -1.  -1.  -1.  -1.]
 [ -1.  -1.  -1.  -1.]
 [ -1.  -1.  -1.  -1.]
 [ -1.  -1.  -1.  -1.]
 [ -1.  -1.  -1.  -1.]
 [ -1.  -1.  -1.  -1.]
 [175.  -1.  -1.  -1.]
 [174.  -1.  -1.  -1.]
 [173.  -1.  -1.  -1.]
 [172.  -1.  -1.  -1.]
 [ -1.  -1.  -1.  -1.]
 [ -1.  -1.  -1.  -1.]
 [ -1.  -1.  -1.  -1.]
 [ -1.  -1.  -1.  -1.]
 [ -1.  -1.  -1.  -1.]
 [ -1.  -1.  -1.  -1.]
 [ -1.  -1.  -1.  -1.]
 [179.  -1.  -1.  -1.]
 [178.  -1.  -1.  -1.]
 [177.  -1.  -1.  -1.]
 [176.  -1.  -1.  -1.]
 [ -1.  -1.  -1.  -1.]
 [ -1.  -1.  -1.  -1.]
 [ -1.  -1.  -1.  -1.]
 [ -1.  -1.  -1.  -1.]
 [ -1.  -1.  -1.  -1.]
 [ -1.  -1.  -1.  -1.]
 [ -1.  -1.  -1.  -1.]]
These are the demand matrices
ifmap_demand_mat demand matrix
[[-1. -1. -1. -1.]
 [-1. -1. -1. -1.]
 [-1. -1. -1. -1.]
 [-1. -1. -1. -1.]
 [ 0. -1. -1. -1.]
 [-1.  1. -1. -1.]
 [-1. -1.  2. -1.]
 [-1. -1. -1.  3.]
 [-1. -1. -1. -1.]
 [-1. -1. -1. -1.]
 [-1. -1. -1. -1.]
 [-1. -1. -1. -1.]
 [-1. -1. -1. -1.]
 [-1. -1. -1. -1.]
 [-1. -1. -1. -1.]
 [ 4. -1. -1. -1.]
 [-1.  5. -1. -1.]
 [-1. -1.  6. -1.]
 [-1. -1. -1.  7.]
 [-1. -1. -1. -1.]
 [-1. -1. -1. -1.]
 [-1. -1. -1. -1.]
 [-1. -1. -1. -1.]
 [-1. -1. -1. -1.]
 [-1. -1. -1. -1.]
 [-1. -1. -1. -1.]
 [ 8. -1. -1. -1.]
 [-1.  9. -1. -1.]
 [-1. -1. 10. -1.]
 [-1. -1. -1. 11.]
 [-1. -1. -1. -1.]
 [-1. -1. -1. -1.]
 [-1. -1. -1. -1.]
 [-1. -1. -1. -1.]
 [-1. -1. -1. -1.]
 [-1. -1. -1. -1.]
 [-1. -1. -1. -1.]
 [12. -1. -1. -1.]
 [-1. 13. -1. -1.]
 [-1. -1. 14. -1.]
 [-1. -1. -1. 15.]
 [-1. -1. -1. -1.]
 [-1. -1. -1. -1.]
 [-1. -1. -1. -1.]
 [-1. -1. -1. -1.]
 [-1. -1. -1. -1.]
 [-1. -1. -1. -1.]
 [-1. -1. -1. -1.]
 [ 0. -1. -1. -1.]
 [-1.  1. -1. -1.]
 [-1. -1.  2. -1.]
 [-1. -1. -1.  3.]
 [-1. -1. -1. -1.]
 [-1. -1. -1. -1.]
 [-1. -1. -1. -1.]
 [-1. -1. -1. -1.]
 [-1. -1. -1. -1.]
 [-1. -1. -1. -1.]
 [-1. -1. -1. -1.]
 [ 4. -1. -1. -1.]
 [-1.  5. -1. -1.]
 [-1. -1.  6. -1.]
 [-1. -1. -1.  7.]
 [-1. -1. -1. -1.]
 [-1. -1. -1. -1.]
 [-1. -1. -1. -1.]
 [-1. -1. -1. -1.]
 [-1. -1. -1. -1.]
 [-1. -1. -1. -1.]
 [-1. -1. -1. -1.]
 [ 8. -1. -1. -1.]
 [-1.  9. -1. -1.]
 [-1. -1. 10. -1.]
 [-1. -1. -1. 11.]
 [-1. -1. -1. -1.]
 [-1. -1. -1. -1.]
 [-1. -1. -1. -1.]
 [-1. -1. -1. -1.]
 [-1. -1. -1. -1.]
 [-1. -1. -1. -1.]
 [-1. -1. -1. -1.]
 [12. -1. -1. -1.]
 [-1. 13. -1. -1.]
 [-1. -1. 14. -1.]
 [-1. -1. -1. 15.]
 [-1. -1. -1. -1.]
 [-1. -1. -1. -1.]
 [-1. -1. -1. -1.]]
filter_demand_mat demand matrix
[[103. 119. 135. 151.]
 [102. 118. 134. 150.]
 [101. 117. 133. 149.]
 [100. 116. 132. 148.]
 [ -1.  -1.  -1.  -1.]
 [ -1.  -1.  -1.  -1.]
 [ -1.  -1.  -1.  -1.]
 [ -1.  -1.  -1.  -1.]
 [ -1.  -1.  -1.  -1.]
 [ -1.  -1.  -1.  -1.]
 [ -1.  -1.  -1.  -1.]
 [107. 123. 139. 155.]
 [106. 122. 138. 154.]
 [105. 121. 137. 153.]
 [104. 120. 136. 152.]
 [ -1.  -1.  -1.  -1.]
 [ -1.  -1.  -1.  -1.]
 [ -1.  -1.  -1.  -1.]
 [ -1.  -1.  -1.  -1.]
 [ -1.  -1.  -1.  -1.]
 [ -1.  -1.  -1.  -1.]
 [ -1.  -1.  -1.  -1.]
 [111. 127. 143. 159.]
 [110. 126. 142. 158.]
 [109. 125. 141. 157.]
 [108. 124. 140. 156.]
 [ -1.  -1.  -1.  -1.]
 [ -1.  -1.  -1.  -1.]
 [ -1.  -1.  -1.  -1.]
 [ -1.  -1.  -1.  -1.]
 [ -1.  -1.  -1.  -1.]
 [ -1.  -1.  -1.  -1.]
 [ -1.  -1.  -1.  -1.]
 [115. 131. 147. 163.]
 [114. 130. 146. 162.]
 [113. 129. 145. 161.]
 [112. 128. 144. 160.]
 [ -1.  -1.  -1.  -1.]
 [ -1.  -1.  -1.  -1.]
 [ -1.  -1.  -1.  -1.]
 [ -1.  -1.  -1.  -1.]
 [ -1.  -1.  -1.  -1.]
 [ -1.  -1.  -1.  -1.]
 [ -1.  -1.  -1.  -1.]
 [167.  -1.  -1.  -1.]
 [166.  -1.  -1.  -1.]
 [165.  -1.  -1.  -1.]
 [164.  -1.  -1.  -1.]
 [ -1.  -1.  -1.  -1.]
 [ -1.  -1.  -1.  -1.]
 [ -1.  -1.  -1.  -1.]
 [ -1.  -1.  -1.  -1.]
 [ -1.  -1.  -1.  -1.]
 [ -1.  -1.  -1.  -1.]
 [ -1.  -1.  -1.  -1.]
 [171.  -1.  -1.  -1.]
 [170.  -1.  -1.  -1.]
 [169.  -1.  -1.  -1.]
 [168.  -1.  -1.  -1.]
 [ -1.  -1.  -1.  -1.]
 [ -1.  -1.  -1.  -1.]
 [ -1.  -1.  -1.  -1.]
 [ -1.  -1.  -1.  -1.]
 [ -1.  -1.  -1.  -1.]
 [ -1.  -1.  -1.  -1.]
 [ -1.  -1.  -1.  -1.]
 [175.  -1.  -1.  -1.]
 [174.  -1.  -1.  -1.]
 [173.  -1.  -1.  -1.]
 [172.  -1.  -1.  -1.]
 [ -1.  -1.  -1.  -1.]
 [ -1.  -1.  -1.  -1.]
 [ -1.  -1.  -1.  -1.]
 [ -1.  -1.  -1.  -1.]
 [ -1.  -1.  -1.  -1.]
 [ -1.  -1.  -1.  -1.]
 [ -1.  -1.  -1.  -1.]
 [179.  -1.  -1.  -1.]
 [178.  -1.  -1.  -1.]
 [177.  -1.  -1.  -1.]
 [176.  -1.  -1.  -1.]
 [ -1.  -1.  -1.  -1.]
 [ -1.  -1.  -1.  -1.]
 [ -1.  -1.  -1.  -1.]
 [ -1.  -1.  -1.  -1.]
 [ -1.  -1.  -1.  -1.]
 [ -1.  -1.  -1.  -1.]
 [ -1.  -1.  -1.  -1.]]
ofmap_demand_mat demand matrix
[[ -1.  -1.  -1.  -1.]
 [ -1.  -1.  -1.  -1.]
 [ -1.  -1.  -1.  -1.]
 [ -1.  -1.  -1.  -1.]
 [ -1.  -1.  -1.  -1.]
 [ -1.  -1.  -1.  -1.]
 [ -1.  -1.  -1.  -1.]
 [200.  -1.  -1.  -1.]
 [ -1. 201.  -1.  -1.]
 [ -1.  -1. 202.  -1.]
 [ -1.  -1.  -1. 203.]
 [ -1.  -1.  -1.  -1.]
 [ -1.  -1.  -1.  -1.]
 [ -1.  -1.  -1.  -1.]
 [ -1.  -1.  -1.  -1.]
 [ -1.  -1.  -1.  -1.]
 [ -1.  -1.  -1.  -1.]
 [ -1.  -1.  -1.  -1.]
 [200.  -1.  -1.  -1.]
 [ -1. 201.  -1.  -1.]
 [ -1.  -1. 202.  -1.]
 [ -1.  -1.  -1. 203.]
 [ -1.  -1.  -1.  -1.]
 [ -1.  -1.  -1.  -1.]
 [ -1.  -1.  -1.  -1.]
 [ -1.  -1.  -1.  -1.]
 [ -1.  -1.  -1.  -1.]
 [ -1.  -1.  -1.  -1.]
 [ -1.  -1.  -1.  -1.]
 [200.  -1.  -1.  -1.]
 [ -1. 201.  -1.  -1.]
 [ -1.  -1. 202.  -1.]
 [ -1.  -1.  -1. 203.]
 [ -1.  -1.  -1.  -1.]
 [ -1.  -1.  -1.  -1.]
 [ -1.  -1.  -1.  -1.]
 [ -1.  -1.  -1.  -1.]
 [ -1.  -1.  -1.  -1.]
 [ -1.  -1.  -1.  -1.]
 [ -1.  -1.  -1.  -1.]
 [200.  -1.  -1.  -1.]
 [ -1. 201.  -1.  -1.]
 [ -1.  -1. 202.  -1.]
 [ -1.  -1.  -1. 203.]
 [ -1.  -1.  -1.  -1.]
 [ -1.  -1.  -1.  -1.]
 [ -1.  -1.  -1.  -1.]
 [ -1.  -1.  -1.  -1.]
 [ -1.  -1.  -1.  -1.]
 [ -1.  -1.  -1.  -1.]
 [ -1.  -1.  -1.  -1.]
 [204.  -1.  -1.  -1.]
 [ -1.  -1.  -1.  -1.]
 [ -1.  -1.  -1.  -1.]
 [ -1.  -1.  -1.  -1.]
 [ -1.  -1.  -1.  -1.]
 [ -1.  -1.  -1.  -1.]
 [ -1.  -1.  -1.  -1.]
 [ -1.  -1.  -1.  -1.]
 [ -1.  -1.  -1.  -1.]
 [ -1.  -1.  -1.  -1.]
 [ -1.  -1.  -1.  -1.]
 [204.  -1.  -1.  -1.]
 [ -1.  -1.  -1.  -1.]
 [ -1.  -1.  -1.  -1.]
 [ -1.  -1.  -1.  -1.]
 [ -1.  -1.  -1.  -1.]
 [ -1.  -1.  -1.  -1.]
 [ -1.  -1.  -1.  -1.]
 [ -1.  -1.  -1.  -1.]
 [ -1.  -1.  -1.  -1.]
 [ -1.  -1.  -1.  -1.]
 [ -1.  -1.  -1.  -1.]
 [204.  -1.  -1.  -1.]
 [ -1.  -1.  -1.  -1.]
 [ -1.  -1.  -1.  -1.]
 [ -1.  -1.  -1.  -1.]
 [ -1.  -1.  -1.  -1.]
 [ -1.  -1.  -1.  -1.]
 [ -1.  -1.  -1.  -1.]
 [ -1.  -1.  -1.  -1.]
 [ -1.  -1.  -1.  -1.]
 [ -1.  -1.  -1.  -1.]
 [ -1.  -1.  -1.  -1.]
 [204.  -1.  -1.  -1.]
 [ -1.  -1.  -1.  -1.]
 [ -1.  -1.  -1.  -1.]
 [ -1.  -1.  -1.  -1.]]
Compute cycles: 87
Stall cycles: 0
Overall utilization: 5.75%
Mapping efficiency: 62.50%
Average IFMAP SRAM BW: 0.368 words/cycle
Average Filter SRAM BW: 0.920 words/cycle
Average Filter Metadata SRAM BW: 0.000 words/cycle
Average OFMAP SRAM BW: 0.230 words/cycle
Average IFMAP DRAM BW: 50.000 words/cycle
Average Filter DRAM BW: 50.000 words/cycle
Average OFMAP DRAM BW: 20.000 words/cycle
************ SCALE SIM Run Complete ****************
