====================================================
******************* SCALE SIM **********************
====================================================
Array Size: 	128x128
SRAM IFMAP (kB): 	256
SRAM Filter (kB): 	256
SRAM OFMAP (kB): 	256
Dataflow: 	Weight Stationary
CSV file path: 	topologies/sparsity/vit_h.csv
Bandwidth: 	50
Working in USE USER BANDWIDTH mode.
====================================================

Running Layer 0
256 32
256 32
256 32
256 32
256 32
256 32
256 32
256 32
256 32
256 32
Compute cycles: 52211
Stall cycles: 45832
Overall utilization: 9.19%
Mapping efficiency: 57.32%
Average IFMAP SRAM BW: 600.934 words/cycle
Average Filter SRAM BW: 2.942 words/cycle
Average Filter Metadata SRAM BW: 0.276 words/cycle
Average OFMAP SRAM BW: 5.884 words/cycle
Average IFMAP DRAM BW: 49.982 words/cycle
Average Filter DRAM BW: 50.000 words/cycle
Average OFMAP DRAM BW: 11.163 words/cycle

Running Layer 1
1024 32
1024 32
1024 32
1024 32
1024 32
1024 32
1024 32
1024 32
Compute cycles: 16098
Stall cycles: 4851
Overall utilization: 31.81%
Mapping efficiency: 19.70%
Average IFMAP SRAM BW: 4685.796 words/cycle
Average Filter SRAM BW: 2.544 words/cycle
Average Filter Metadata SRAM BW: 0.239 words/cycle
Average OFMAP SRAM BW: 65.137 words/cycle
Average IFMAP DRAM BW: 50.000 words/cycle
Average Filter DRAM BW: 50.000 words/cycle
Average OFMAP DRAM BW: 53.282 words/cycle

Running Layer 2
1024 32
1024 32
1024 32
1024 32
Compute cycles: 141201553
Stall cycles: 141195930
Overall utilization: 0.00%
Mapping efficiency: 40.62%
Average IFMAP SRAM BW: 0.134 words/cycle
Average Filter SRAM BW: 0.000 words/cycle
Average Filter Metadata SRAM BW: 0.000 words/cycle
Average OFMAP SRAM BW: 0.002 words/cycle
Average IFMAP DRAM BW: 49.981 words/cycle
Average Filter DRAM BW: 50.000 words/cycle
Average OFMAP DRAM BW: 0.004 words/cycle

Running Layer 3
256 32
256 32
256 32
256 32
256 32
256 32
256 32
256 32
256 32
256 32
256 32
256 32
256 32
256 32
256 32
256 32
256 32
256 32
256 32
256 32
256 32
256 32
256 32
256 32
256 32
256 32
256 32
256 32
256 32
256 32
256 32
256 32
256 32
256 32
256 32
256 32
256 32
256 32
256 32
256 32
256 32
256 32
256 32
256 32
256 32
256 32
256 32
256 32
256 32
256 32
256 32
256 32
256 32
256 32
256 32
256 32
256 32
256 32
256 32
256 32
256 32
256 32
256 32
256 32
256 32
256 32
256 32
256 32
256 32
256 32
256 32
256 32
256 32
256 32
256 32
256 32
256 32
256 32
256 32
256 32
256 32
256 32
256 32
256 32
256 32
256 32
256 32
256 32
256 32
256 32
256 32
256 32
256 32
256 32
256 32
256 32
256 32
256 32
256 32
256 32
256 32
256 32
256 32
256 32
256 32
256 32
256 32
256 32
256 32
256 32
256 32
256 32
256 32
256 32
256 32
256 32
256 32
256 32
256 32
256 32
256 32
256 32
256 32
256 32
256 32
256 32
256 32
256 32
256 32
256 32
256 32
256 32
256 32
256 32
256 32
256 32
256 32
256 32
256 32
256 32
256 32
256 32
256 32
256 32
256 32
256 32
256 32
256 32
256 32
256 32
256 32
256 32
256 32
256 32
256 32
256 32
256 32
256 32
256 32
256 32
256 32
256 32
256 32
256 32
256 32
256 32
256 32
256 32
256 32
256 32
256 32
256 32
256 32
256 32
256 32
256 32
256 32
256 32
256 32
256 32
256 32
256 32
256 32
256 32
256 32
256 32
256 32
256 32
256 32
256 32
256 32
256 32
256 32
256 32
256 32
256 32
256 32
256 32
256 32
256 32
Compute cycles: 1472148
Stall cycles: 1344549
Overall utilization: 6.96%
Mapping efficiency: 62.29%
Average IFMAP SRAM BW: 213.126 words/cycle
Average Filter SRAM BW: 2.226 words/cycle
Average Filter Metadata SRAM BW: 0.209 words/cycle
Average OFMAP SRAM BW: 4.452 words/cycle
Average IFMAP DRAM BW: 49.981 words/cycle
Average Filter DRAM BW: 49.981 words/cycle
Average OFMAP DRAM BW: 4.523 words/cycle

Running Layer 4
256 32
256 32
256 32
256 32
256 32
256 32
256 32
256 32
256 32
256 32
256 32
256 32
256 32
256 32
256 32
256 32
256 32
256 32
256 32
256 32
256 32
256 32
256 32
256 32
256 32
256 32
256 32
256 32
256 32
256 32
256 32
256 32
256 32
256 32
256 32
256 32
256 32
256 32
256 32
256 32
256 32
256 32
256 32
256 32
256 32
256 32
256 32
256 32
256 32
256 32
256 32
256 32
256 32
256 32
256 32
256 32
256 32
256 32
256 32
256 32
256 32
256 32
256 32
256 32
256 32
256 32
256 32
256 32
256 32
256 32
256 32
256 32
256 32
256 32
256 32
256 32
256 32
256 32
256 32
256 32
256 32
256 32
256 32
256 32
256 32
256 32
256 32
256 32
256 32
256 32
256 32
256 32
256 32
256 32
256 32
256 32
256 32
256 32
256 32
256 32
256 32
256 32
256 32
256 32
256 32
256 32
256 32
256 32
256 32
256 32
256 32
256 32
256 32
256 32
256 32
256 32
256 32
256 32
256 32
256 32
256 32
256 32
256 32
256 32
256 32
256 32
256 32
256 32
256 32
256 32
256 32
256 32
256 32
256 32
256 32
256 32
256 32
256 32
256 32
256 32
256 32
256 32
256 32
256 32
256 32
256 32
256 32
256 32
256 32
256 32
256 32
256 32
256 32
256 32
256 32
256 32
256 32
256 32
256 32
256 32
256 32
256 32
256 32
256 32
256 32
256 32
256 32
256 32
256 32
256 32
256 32
256 32
256 32
256 32
256 32
256 32
256 32
256 32
256 32
256 32
256 32
256 32
256 32
256 32
256 32
256 32
256 32
256 32
256 32
256 32
256 32
256 32
256 32
256 32
256 32
256 32
256 32
256 32
256 32
256 32
