printing entry
['CONV_1', 5, 5, 4, 4, 2, 6, 1, 1, None]
====================================================
******************* SCALE SIM **********************
====================================================
Array Size: 	4x4
SRAM IFMAP (kB): 	1
SRAM Filter (kB): 	1
SRAM OFMAP (kB): 	1
Dataflow: 	Weight Stationary
CSV file path: 	topologies/sparsity/conv_mix.csv
Bandwidth: 	50
Working in USE USER BANDWIDTH mode.
====================================================
self.ofmap_px_per_filt = int(self.ofmap_rows * self.ofmap_cols)
4 = 2 * 2
self.conv_window_size = int(self.topoutil.get_layer_window_size(self.layer_id)) = filt_h * filt_w * num_ch
32

Running Layer 0
self.filter_addr_matrix
(32, 6)
[[100 132 164 196 228 260]
 [101 133 165 197 229 261]
 [102 134 166 198 230 262]
 [103 135 167 199 231 263]
 [104 136 168 200 232 264]
 [105 137 169 201 233 265]
 [106 138 170 202 234 266]
 [107 139 171 203 235 267]
 [108 140 172 204 236 268]
 [109 141 173 205 237 269]
 [110 142 174 206 238 270]
 [111 143 175 207 239 271]
 [112 144 176 208 240 272]
 [113 145 177 209 241 273]
 [114 146 178 210 242 274]
 [115 147 179 211 243 275]
 [116 148 180 212 244 276]
 [117 149 181 213 245 277]
 [118 150 182 214 246 278]
 [119 151 183 215 247 279]
 [120 152 184 216 248 280]
 [121 153 185 217 249 281]
 [122 154 186 218 250 282]
 [123 155 187 219 251 283]
 [124 156 188 220 252 284]
 [125 157 189 221 253 285]
 [126 158 190 222 254 286]
 [127 159 191 223 255 287]
 [128 160 192 224 256 288]
 [129 161 193 225 257 289]
 [130 162 194 226 258 290]
 [131 163 195 227 259 291]]
INSIDE INPUT FILTER DEMAND MATRIX CREATION FUNCTION
self.batch_size in ifmap function is  1
Rows = batch_size * ofmap_px_per_filt
self.ifmap_addr_matrix
(4, 32)
[[ 0  1  2  3  4  5  6  7 10 11 12 13 14 15 16 17 20 21 22 23 24 25 26 27
  30 31 32 33 34 35 36 37]
 [ 2  3  4  5  6  7  8  9 12 13 14 15 16 17 18 19 22 23 24 25 26 27 28 29
  32 33 34 35 36 37 38 39]
 [10 11 12 13 14 15 16 17 20 21 22 23 24 25 26 27 30 31 32 33 34 35 36 37
  40 41 42 43 44 45 46 47]
 [12 13 14 15 16 17 18 19 22 23 24 25 26 27 28 29 32 33 34 35 36 37 38 39
  42 43 44 45 46 47 48 49]]
create_ofmap_matrix
[[0]
 [1]
 [2]
 [3]]
row_indices
col_indices
[0 1 2 3 4 5]
self.ofmap_addr_matrix
[[200 201 202 203 204 205]
 [206 207 208 209 210 211]
 [212 213 214 215 216 217]
 [218 219 220 221 222 223]]
these are the operand matrices
(4, 32)
(32, 6)
(4, 6)
[[ 0  1  2  3  4  5  6  7 10 11 12 13 14 15 16 17 20 21 22 23 24 25 26 27
  30 31 32 33 34 35 36 37]
 [ 2  3  4  5  6  7  8  9 12 13 14 15 16 17 18 19 22 23 24 25 26 27 28 29
  32 33 34 35 36 37 38 39]
 [10 11 12 13 14 15 16 17 20 21 22 23 24 25 26 27 30 31 32 33 34 35 36 37
  40 41 42 43 44 45 46 47]
 [12 13 14 15 16 17 18 19 22 23 24 25 26 27 28 29 32 33 34 35 36 37 38 39
  42 43 44 45 46 47 48 49]]
[[100 132 164 196 228 260]
 [101 133 165 197 229 261]
 [102 134 166 198 230 262]
 [103 135 167 199 231 263]
 [104 136 168 200 232 264]
 [105 137 169 201 233 265]
 [106 138 170 202 234 266]
 [107 139 171 203 235 267]
 [108 140 172 204 236 268]
 [109 141 173 205 237 269]
 [110 142 174 206 238 270]
 [111 143 175 207 239 271]
 [112 144 176 208 240 272]
 [113 145 177 209 241 273]
 [114 146 178 210 242 274]
 [115 147 179 211 243 275]
 [116 148 180 212 244 276]
 [117 149 181 213 245 277]
 [118 150 182 214 246 278]
 [119 151 183 215 247 279]
 [120 152 184 216 248 280]
 [121 153 185 217 249 281]
 [122 154 186 218 250 282]
 [123 155 187 219 251 283]
 [124 156 188 220 252 284]
 [125 157 189 221 253 285]
 [126 158 190 222 254 286]
 [127 159 191 223 255 287]
 [128 160 192 224 256 288]
 [129 161 193 225 257 289]
 [130 162 194 226 258 290]
 [131 163 195 227 259 291]]
[[200 201 202 203 204 205]
 [206 207 208 209 210 211]
 [212 213 214 215 216 217]
 [218 219 220 221 222 223]]
layer_calc_params[0] * layer_calc_params[1] * num_filters =  2 2 6
self.num_compute = self.topo.get_layer_num_ofmap_px(self.layer_id) * self.topo.get_layer_window_size(self.layer_id)
Nofmap: Number of OFMAP pixels generated by filter
layer_calc_params[0] * layer_calc_params[1] * num_filters =  2 2 6
768 = 24 * 32
self.layer_id  0
filter matrix in create_filter_prefetch_mat
[[100 132 164 196 228 260]
 [101 133 165 197 229 261]
 [102 134 166 198 230 262]
 [103 135 167 199 231 263]
 [104 136 168 200 232 264]
 [105 137 169 201 233 265]
 [106 138 170 202 234 266]
 [107 139 171 203 235 267]
 [108 140 172 204 236 268]
 [109 141 173 205 237 269]
 [110 142 174 206 238 270]
 [111 143 175 207 239 271]
 [112 144 176 208 240 272]
 [113 145 177 209 241 273]
 [114 146 178 210 242 274]
 [115 147 179 211 243 275]
 [116 148 180 212 244 276]
 [117 149 181 213 245 277]
 [118 150 182 214 246 278]
 [119 151 183 215 247 279]
 [120 152 184 216 248 280]
 [121 153 185 217 249 281]
 [122 154 186 218 250 282]
 [123 155 187 219 251 283]
 [124 156 188 220 252 284]
 [125 157 189 221 253 285]
 [126 158 190 222 254 286]
 [127 159 191 223 255 287]
 [128 160 192 224 256 288]
 [129 161 193 225 257 289]
 [130 162 194 226 258 290]
 [131 163 195 227 259 291]]
End
printing self.filter_prefetch_matrix is ws.py
[[100. 132. 164. 196.]
 [101. 133. 165. 197.]
 [102. 134. 166. 198.]
 [103. 135. 167. 199.]
 [104. 136. 168. 200.]
 [105. 137. 169. 201.]
 [106. 138. 170. 202.]
 [107. 139. 171. 203.]
 [108. 140. 172. 204.]
 [109. 141. 173. 205.]
 [110. 142. 174. 206.]
 [111. 143. 175. 207.]
 [112. 144. 176. 208.]
 [113. 145. 177. 209.]
 [114. 146. 178. 210.]
 [115. 147. 179. 211.]
 [116. 148. 180. 212.]
 [117. 149. 181. 213.]
 [118. 150. 182. 214.]
 [119. 151. 183. 215.]
 [120. 152. 184. 216.]
 [121. 153. 185. 217.]
 [122. 154. 186. 218.]
 [123. 155. 187. 219.]
 [124. 156. 188. 220.]
 [125. 157. 189. 221.]
 [126. 158. 190. 222.]
 [127. 159. 191. 223.]
 [128. 160. 192. 224.]
 [129. 161. 193. 225.]
 [130. 162. 194. 226.]
 [131. 163. 195. 227.]
 [228. 260.  -1.  -1.]
 [229. 261.  -1.  -1.]
 [230. 262.  -1.  -1.]
 [231. 263.  -1.  -1.]
 [232. 264.  -1.  -1.]
 [233. 265.  -1.  -1.]
 [234. 266.  -1.  -1.]
 [235. 267.  -1.  -1.]
 [236. 268.  -1.  -1.]
 [237. 269.  -1.  -1.]
 [238. 270.  -1.  -1.]
 [239. 271.  -1.  -1.]
 [240. 272.  -1.  -1.]
 [241. 273.  -1.  -1.]
 [242. 274.  -1.  -1.]
 [243. 275.  -1.  -1.]
 [244. 276.  -1.  -1.]
 [245. 277.  -1.  -1.]
 [246. 278.  -1.  -1.]
 [247. 279.  -1.  -1.]
 [248. 280.  -1.  -1.]
 [249. 281.  -1.  -1.]
 [250. 282.  -1.  -1.]
 [251. 283.  -1.  -1.]
 [252. 284.  -1.  -1.]
 [253. 285.  -1.  -1.]
 [254. 286.  -1.  -1.]
 [255. 287.  -1.  -1.]
 [256. 288.  -1.  -1.]
 [257. 289.  -1.  -1.]
 [258. 290.  -1.  -1.]
 [259. 291.  -1.  -1.]]
16
32
48
64
80
96
112
128
144
160
176
192
208
224
240
256
printing self.filter_demand_matrix in ws.py
[[103. 135. 167. 199.]
 [102. 134. 166. 198.]
 [101. 133. 165. 197.]
 [100. 132. 164. 196.]
 [ -1.  -1.  -1.  -1.]
 [ -1.  -1.  -1.  -1.]
 [ -1.  -1.  -1.  -1.]
 [ -1.  -1.  -1.  -1.]
 [ -1.  -1.  -1.  -1.]
 [ -1.  -1.  -1.  -1.]
 [ -1.  -1.  -1.  -1.]
 [ -1.  -1.  -1.  -1.]
 [ -1.  -1.  -1.  -1.]
 [ -1.  -1.  -1.  -1.]
 [107. 139. 171. 203.]
 [106. 138. 170. 202.]
 [105. 137. 169. 201.]
 [104. 136. 168. 200.]
 [ -1.  -1.  -1.  -1.]
 [ -1.  -1.  -1.  -1.]
 [ -1.  -1.  -1.  -1.]
 [ -1.  -1.  -1.  -1.]
 [ -1.  -1.  -1.  -1.]
 [ -1.  -1.  -1.  -1.]
 [ -1.  -1.  -1.  -1.]
 [ -1.  -1.  -1.  -1.]
 [ -1.  -1.  -1.  -1.]
 [ -1.  -1.  -1.  -1.]
 [111. 143. 175. 207.]
 [110. 142. 174. 206.]
 [109. 141. 173. 205.]
 [108. 140. 172. 204.]
 [ -1.  -1.  -1.  -1.]
 [ -1.  -1.  -1.  -1.]
 [ -1.  -1.  -1.  -1.]
 [ -1.  -1.  -1.  -1.]
 [ -1.  -1.  -1.  -1.]
 [ -1.  -1.  -1.  -1.]
 [ -1.  -1.  -1.  -1.]
 [ -1.  -1.  -1.  -1.]
 [ -1.  -1.  -1.  -1.]
 [ -1.  -1.  -1.  -1.]
 [115. 147. 179. 211.]
 [114. 146. 178. 210.]
 [113. 145. 177. 209.]
 [112. 144. 176. 208.]
 [ -1.  -1.  -1.  -1.]
 [ -1.  -1.  -1.  -1.]
 [ -1.  -1.  -1.  -1.]
 [ -1.  -1.  -1.  -1.]
 [ -1.  -1.  -1.  -1.]
 [ -1.  -1.  -1.  -1.]
 [ -1.  -1.  -1.  -1.]
 [ -1.  -1.  -1.  -1.]
 [ -1.  -1.  -1.  -1.]
 [ -1.  -1.  -1.  -1.]
 [119. 151. 183. 215.]
 [118. 150. 182. 214.]
 [117. 149. 181. 213.]
 [116. 148. 180. 212.]
 [ -1.  -1.  -1.  -1.]
 [ -1.  -1.  -1.  -1.]
 [ -1.  -1.  -1.  -1.]
 [ -1.  -1.  -1.  -1.]
 [ -1.  -1.  -1.  -1.]
 [ -1.  -1.  -1.  -1.]
 [ -1.  -1.  -1.  -1.]
 [ -1.  -1.  -1.  -1.]
 [ -1.  -1.  -1.  -1.]
 [ -1.  -1.  -1.  -1.]
 [123. 155. 187. 219.]
 [122. 154. 186. 218.]
 [121. 153. 185. 217.]
 [120. 152. 184. 216.]
 [ -1.  -1.  -1.  -1.]
 [ -1.  -1.  -1.  -1.]
 [ -1.  -1.  -1.  -1.]
 [ -1.  -1.  -1.  -1.]
 [ -1.  -1.  -1.  -1.]
 [ -1.  -1.  -1.  -1.]
 [ -1.  -1.  -1.  -1.]
 [ -1.  -1.  -1.  -1.]
 [ -1.  -1.  -1.  -1.]
 [ -1.  -1.  -1.  -1.]
 [127. 159. 191. 223.]
 [126. 158. 190. 222.]
 [125. 157. 189. 221.]
 [124. 156. 188. 220.]
 [ -1.  -1.  -1.  -1.]
 [ -1.  -1.  -1.  -1.]
 [ -1.  -1.  -1.  -1.]
 [ -1.  -1.  -1.  -1.]
 [ -1.  -1.  -1.  -1.]
 [ -1.  -1.  -1.  -1.]
 [ -1.  -1.  -1.  -1.]
 [ -1.  -1.  -1.  -1.]
 [ -1.  -1.  -1.  -1.]
 [ -1.  -1.  -1.  -1.]
 [131. 163. 195. 227.]
 [130. 162. 194. 226.]
 [129. 161. 193. 225.]
 [128. 160. 192. 224.]
 [ -1.  -1.  -1.  -1.]
 [ -1.  -1.  -1.  -1.]
 [ -1.  -1.  -1.  -1.]
 [ -1.  -1.  -1.  -1.]
 [ -1.  -1.  -1.  -1.]
 [ -1.  -1.  -1.  -1.]
 [ -1.  -1.  -1.  -1.]
 [ -1.  -1.  -1.  -1.]
 [ -1.  -1.  -1.  -1.]
 [ -1.  -1.  -1.  -1.]
 [231. 263.  -1.  -1.]
 [230. 262.  -1.  -1.]
 [229. 261.  -1.  -1.]
 [228. 260.  -1.  -1.]
 [ -1.  -1.  -1.  -1.]
 [ -1.  -1.  -1.  -1.]
 [ -1.  -1.  -1.  -1.]
 [ -1.  -1.  -1.  -1.]
 [ -1.  -1.  -1.  -1.]
 [ -1.  -1.  -1.  -1.]
 [ -1.  -1.  -1.  -1.]
 [ -1.  -1.  -1.  -1.]
 [ -1.  -1.  -1.  -1.]
 [ -1.  -1.  -1.  -1.]
 [235. 267.  -1.  -1.]
 [234. 266.  -1.  -1.]
 [233. 265.  -1.  -1.]
 [232. 264.  -1.  -1.]
 [ -1.  -1.  -1.  -1.]
 [ -1.  -1.  -1.  -1.]
 [ -1.  -1.  -1.  -1.]
 [ -1.  -1.  -1.  -1.]
 [ -1.  -1.  -1.  -1.]
 [ -1.  -1.  -1.  -1.]
 [ -1.  -1.  -1.  -1.]
 [ -1.  -1.  -1.  -1.]
 [ -1.  -1.  -1.  -1.]
 [ -1.  -1.  -1.  -1.]
 [239. 271.  -1.  -1.]
 [238. 270.  -1.  -1.]
 [237. 269.  -1.  -1.]
 [236. 268.  -1.  -1.]
 [ -1.  -1.  -1.  -1.]
 [ -1.  -1.  -1.  -1.]
 [ -1.  -1.  -1.  -1.]
 [ -1.  -1.  -1.  -1.]
 [ -1.  -1.  -1.  -1.]
 [ -1.  -1.  -1.  -1.]
 [ -1.  -1.  -1.  -1.]
 [ -1.  -1.  -1.  -1.]
 [ -1.  -1.  -1.  -1.]
 [ -1.  -1.  -1.  -1.]
 [243. 275.  -1.  -1.]
 [242. 274.  -1.  -1.]
 [241. 273.  -1.  -1.]
 [240. 272.  -1.  -1.]
 [ -1.  -1.  -1.  -1.]
 [ -1.  -1.  -1.  -1.]
 [ -1.  -1.  -1.  -1.]
 [ -1.  -1.  -1.  -1.]
 [ -1.  -1.  -1.  -1.]
 [ -1.  -1.  -1.  -1.]
 [ -1.  -1.  -1.  -1.]
 [ -1.  -1.  -1.  -1.]
 [ -1.  -1.  -1.  -1.]
 [ -1.  -1.  -1.  -1.]
 [247. 279.  -1.  -1.]
 [246. 278.  -1.  -1.]
 [245. 277.  -1.  -1.]
 [244. 276.  -1.  -1.]
 [ -1.  -1.  -1.  -1.]
 [ -1.  -1.  -1.  -1.]
 [ -1.  -1.  -1.  -1.]
 [ -1.  -1.  -1.  -1.]
 [ -1.  -1.  -1.  -1.]
 [ -1.  -1.  -1.  -1.]
 [ -1.  -1.  -1.  -1.]
 [ -1.  -1.  -1.  -1.]
 [ -1.  -1.  -1.  -1.]
 [ -1.  -1.  -1.  -1.]
 [251. 283.  -1.  -1.]
 [250. 282.  -1.  -1.]
 [249. 281.  -1.  -1.]
 [248. 280.  -1.  -1.]
 [ -1.  -1.  -1.  -1.]
 [ -1.  -1.  -1.  -1.]
 [ -1.  -1.  -1.  -1.]
 [ -1.  -1.  -1.  -1.]
 [ -1.  -1.  -1.  -1.]
 [ -1.  -1.  -1.  -1.]
 [ -1.  -1.  -1.  -1.]
 [ -1.  -1.  -1.  -1.]
 [ -1.  -1.  -1.  -1.]
 [ -1.  -1.  -1.  -1.]
 [255. 287.  -1.  -1.]
 [254. 286.  -1.  -1.]
 [253. 285.  -1.  -1.]
 [252. 284.  -1.  -1.]
 [ -1.  -1.  -1.  -1.]
 [ -1.  -1.  -1.  -1.]
 [ -1.  -1.  -1.  -1.]
 [ -1.  -1.  -1.  -1.]
 [ -1.  -1.  -1.  -1.]
 [ -1.  -1.  -1.  -1.]
 [ -1.  -1.  -1.  -1.]
 [ -1.  -1.  -1.  -1.]
 [ -1.  -1.  -1.  -1.]
 [ -1.  -1.  -1.  -1.]
 [259. 291.  -1.  -1.]
 [258. 290.  -1.  -1.]
 [257. 289.  -1.  -1.]
 [256. 288.  -1.  -1.]
 [ -1.  -1.  -1.  -1.]
 [ -1.  -1.  -1.  -1.]
 [ -1.  -1.  -1.  -1.]
 [ -1.  -1.  -1.  -1.]
 [ -1.  -1.  -1.  -1.]
 [ -1.  -1.  -1.  -1.]
 [ -1.  -1.  -1.  -1.]
 [ -1.  -1.  -1.  -1.]
 [ -1.  -1.  -1.  -1.]
 [ -1.  -1.  -1.  -1.]]
These are the demand matrices
ifmap_demand_mat demand matrix
[[-1. -1. -1. -1.]
 [-1. -1. -1. -1.]
 [-1. -1. -1. -1.]
 [-1. -1. -1. -1.]
 [ 0. -1. -1. -1.]
 [ 2.  1. -1. -1.]
 [10.  3.  2. -1.]
 [12. 11.  4.  3.]
 [-1. 13. 12.  5.]
 [-1. -1. 14. 13.]
 [-1. -1. -1. 15.]
 [-1. -1. -1. -1.]
 [-1. -1. -1. -1.]
 [-1. -1. -1. -1.]
 [-1. -1. -1. -1.]
 [-1. -1. -1. -1.]
 [-1. -1. -1. -1.]
 [-1. -1. -1. -1.]
 [ 4. -1. -1. -1.]
 [ 6.  5. -1. -1.]
 [14.  7.  6. -1.]
 [16. 15.  8.  7.]
 [-1. 17. 16.  9.]
 [-1. -1. 18. 17.]
 [-1. -1. -1. 19.]
 [-1. -1. -1. -1.]
 [-1. -1. -1. -1.]
 [-1. -1. -1. -1.]
 [-1. -1. -1. -1.]
 [-1. -1. -1. -1.]
 [-1. -1. -1. -1.]
 [-1. -1. -1. -1.]
 [10. -1. -1. -1.]
 [12. 11. -1. -1.]
 [20. 13. 12. -1.]
 [22. 21. 14. 13.]
 [-1. 23. 22. 15.]
 [-1. -1. 24. 23.]
 [-1. -1. -1. 25.]
 [-1. -1. -1. -1.]
 [-1. -1. -1. -1.]
 [-1. -1. -1. -1.]
 [-1. -1. -1. -1.]
 [-1. -1. -1. -1.]
 [-1. -1. -1. -1.]
 [-1. -1. -1. -1.]
 [14. -1. -1. -1.]
 [16. 15. -1. -1.]
 [24. 17. 16. -1.]
 [26. 25. 18. 17.]
 [-1. 27. 26. 19.]
 [-1. -1. 28. 27.]
 [-1. -1. -1. 29.]
 [-1. -1. -1. -1.]
 [-1. -1. -1. -1.]
 [-1. -1. -1. -1.]
 [-1. -1. -1. -1.]
 [-1. -1. -1. -1.]
 [-1. -1. -1. -1.]
 [-1. -1. -1. -1.]
 [20. -1. -1. -1.]
 [22. 21. -1. -1.]
 [30. 23. 22. -1.]
 [32. 31. 24. 23.]
 [-1. 33. 32. 25.]
 [-1. -1. 34. 33.]
 [-1. -1. -1. 35.]
 [-1. -1. -1. -1.]
 [-1. -1. -1. -1.]
 [-1. -1. -1. -1.]
 [-1. -1. -1. -1.]
 [-1. -1. -1. -1.]
 [-1. -1. -1. -1.]
 [-1. -1. -1. -1.]
 [24. -1. -1. -1.]
 [26. 25. -1. -1.]
 [34. 27. 26. -1.]
 [36. 35. 28. 27.]
 [-1. 37. 36. 29.]
 [-1. -1. 38. 37.]
 [-1. -1. -1. 39.]
 [-1. -1. -1. -1.]
 [-1. -1. -1. -1.]
 [-1. -1. -1. -1.]
 [-1. -1. -1. -1.]
 [-1. -1. -1. -1.]
 [-1. -1. -1. -1.]
 [-1. -1. -1. -1.]
 [30. -1. -1. -1.]
 [32. 31. -1. -1.]
 [40. 33. 32. -1.]
 [42. 41. 34. 33.]
 [-1. 43. 42. 35.]
 [-1. -1. 44. 43.]
 [-1. -1. -1. 45.]
 [-1. -1. -1. -1.]
 [-1. -1. -1. -1.]
 [-1. -1. -1. -1.]
 [-1. -1. -1. -1.]
 [-1. -1. -1. -1.]
 [-1. -1. -1. -1.]
 [-1. -1. -1. -1.]
 [34. -1. -1. -1.]
 [36. 35. -1. -1.]
 [44. 37. 36. -1.]
 [46. 45. 38. 37.]
 [-1. 47. 46. 39.]
 [-1. -1. 48. 47.]
 [-1. -1. -1. 49.]
 [-1. -1. -1. -1.]
 [-1. -1. -1. -1.]
 [-1. -1. -1. -1.]
 [-1. -1. -1. -1.]
 [-1. -1. -1. -1.]
 [-1. -1. -1. -1.]
 [-1. -1. -1. -1.]
 [ 0. -1. -1. -1.]
 [ 2.  1. -1. -1.]
 [10.  3.  2. -1.]
 [12. 11.  4.  3.]
 [-1. 13. 12.  5.]
 [-1. -1. 14. 13.]
 [-1. -1. -1. 15.]
 [-1. -1. -1. -1.]
 [-1. -1. -1. -1.]
 [-1. -1. -1. -1.]
 [-1. -1. -1. -1.]
 [-1. -1. -1. -1.]
 [-1. -1. -1. -1.]
 [-1. -1. -1. -1.]
 [ 4. -1. -1. -1.]
 [ 6.  5. -1. -1.]
 [14.  7.  6. -1.]
 [16. 15.  8.  7.]
 [-1. 17. 16.  9.]
 [-1. -1. 18. 17.]
 [-1. -1. -1. 19.]
 [-1. -1. -1. -1.]
 [-1. -1. -1. -1.]
 [-1. -1. -1. -1.]
 [-1. -1. -1. -1.]
 [-1. -1. -1. -1.]
 [-1. -1. -1. -1.]
 [-1. -1. -1. -1.]
 [10. -1. -1. -1.]
 [12. 11. -1. -1.]
 [20. 13. 12. -1.]
 [22. 21. 14. 13.]
 [-1. 23. 22. 15.]
 [-1. -1. 24. 23.]
 [-1. -1. -1. 25.]
 [-1. -1. -1. -1.]
 [-1. -1. -1. -1.]
 [-1. -1. -1. -1.]
 [-1. -1. -1. -1.]
 [-1. -1. -1. -1.]
 [-1. -1. -1. -1.]
 [-1. -1. -1. -1.]
 [14. -1. -1. -1.]
 [16. 15. -1. -1.]
 [24. 17. 16. -1.]
 [26. 25. 18. 17.]
 [-1. 27. 26. 19.]
 [-1. -1. 28. 27.]
 [-1. -1. -1. 29.]
 [-1. -1. -1. -1.]
 [-1. -1. -1. -1.]
 [-1. -1. -1. -1.]
 [-1. -1. -1. -1.]
 [-1. -1. -1. -1.]
 [-1. -1. -1. -1.]
 [-1. -1. -1. -1.]
 [20. -1. -1. -1.]
 [22. 21. -1. -1.]
 [30. 23. 22. -1.]
 [32. 31. 24. 23.]
 [-1. 33. 32. 25.]
 [-1. -1. 34. 33.]
 [-1. -1. -1. 35.]
 [-1. -1. -1. -1.]
 [-1. -1. -1. -1.]
 [-1. -1. -1. -1.]
 [-1. -1. -1. -1.]
 [-1. -1. -1. -1.]
 [-1. -1. -1. -1.]
 [-1. -1. -1. -1.]
 [24. -1. -1. -1.]
 [26. 25. -1. -1.]
 [34. 27. 26. -1.]
 [36. 35. 28. 27.]
 [-1. 37. 36. 29.]
 [-1. -1. 38. 37.]
 [-1. -1. -1. 39.]
 [-1. -1. -1. -1.]
 [-1. -1. -1. -1.]
 [-1. -1. -1. -1.]
 [-1. -1. -1. -1.]
 [-1. -1. -1. -1.]
 [-1. -1. -1. -1.]
 [-1. -1. -1. -1.]
 [30. -1. -1. -1.]
 [32. 31. -1. -1.]
 [40. 33. 32. -1.]
 [42. 41. 34. 33.]
 [-1. 43. 42. 35.]
 [-1. -1. 44. 43.]
 [-1. -1. -1. 45.]
 [-1. -1. -1. -1.]
 [-1. -1. -1. -1.]
 [-1. -1. -1. -1.]
 [-1. -1. -1. -1.]
 [-1. -1. -1. -1.]
 [-1. -1. -1. -1.]
 [-1. -1. -1. -1.]
 [34. -1. -1. -1.]
 [36. 35. -1. -1.]
 [44. 37. 36. -1.]
 [46. 45. 38. 37.]
 [-1. 47. 46. 39.]
 [-1. -1. 48. 47.]
 [-1. -1. -1. 49.]
 [-1. -1. -1. -1.]
 [-1. -1. -1. -1.]
 [-1. -1. -1. -1.]]
filter_demand_mat demand matrix
[[103. 135. 167. 199.]
 [102. 134. 166. 198.]
 [101. 133. 165. 197.]
 [100. 132. 164. 196.]
 [ -1.  -1.  -1.  -1.]
 [ -1.  -1.  -1.  -1.]
 [ -1.  -1.  -1.  -1.]
 [ -1.  -1.  -1.  -1.]
 [ -1.  -1.  -1.  -1.]
 [ -1.  -1.  -1.  -1.]
 [ -1.  -1.  -1.  -1.]
 [ -1.  -1.  -1.  -1.]
 [ -1.  -1.  -1.  -1.]
 [ -1.  -1.  -1.  -1.]
 [107. 139. 171. 203.]
 [106. 138. 170. 202.]
 [105. 137. 169. 201.]
 [104. 136. 168. 200.]
 [ -1.  -1.  -1.  -1.]
 [ -1.  -1.  -1.  -1.]
 [ -1.  -1.  -1.  -1.]
 [ -1.  -1.  -1.  -1.]
 [ -1.  -1.  -1.  -1.]
 [ -1.  -1.  -1.  -1.]
 [ -1.  -1.  -1.  -1.]
 [ -1.  -1.  -1.  -1.]
 [ -1.  -1.  -1.  -1.]
 [ -1.  -1.  -1.  -1.]
 [111. 143. 175. 207.]
 [110. 142. 174. 206.]
 [109. 141. 173. 205.]
 [108. 140. 172. 204.]
 [ -1.  -1.  -1.  -1.]
 [ -1.  -1.  -1.  -1.]
 [ -1.  -1.  -1.  -1.]
 [ -1.  -1.  -1.  -1.]
 [ -1.  -1.  -1.  -1.]
 [ -1.  -1.  -1.  -1.]
 [ -1.  -1.  -1.  -1.]
 [ -1.  -1.  -1.  -1.]
 [ -1.  -1.  -1.  -1.]
 [ -1.  -1.  -1.  -1.]
 [115. 147. 179. 211.]
 [114. 146. 178. 210.]
 [113. 145. 177. 209.]
 [112. 144. 176. 208.]
 [ -1.  -1.  -1.  -1.]
 [ -1.  -1.  -1.  -1.]
 [ -1.  -1.  -1.  -1.]
 [ -1.  -1.  -1.  -1.]
 [ -1.  -1.  -1.  -1.]
 [ -1.  -1.  -1.  -1.]
 [ -1.  -1.  -1.  -1.]
 [ -1.  -1.  -1.  -1.]
 [ -1.  -1.  -1.  -1.]
 [ -1.  -1.  -1.  -1.]
 [119. 151. 183. 215.]
 [118. 150. 182. 214.]
 [117. 149. 181. 213.]
 [116. 148. 180. 212.]
 [ -1.  -1.  -1.  -1.]
 [ -1.  -1.  -1.  -1.]
 [ -1.  -1.  -1.  -1.]
 [ -1.  -1.  -1.  -1.]
 [ -1.  -1.  -1.  -1.]
 [ -1.  -1.  -1.  -1.]
 [ -1.  -1.  -1.  -1.]
 [ -1.  -1.  -1.  -1.]
 [ -1.  -1.  -1.  -1.]
 [ -1.  -1.  -1.  -1.]
 [123. 155. 187. 219.]
 [122. 154. 186. 218.]
 [121. 153. 185. 217.]
 [120. 152. 184. 216.]
 [ -1.  -1.  -1.  -1.]
 [ -1.  -1.  -1.  -1.]
 [ -1.  -1.  -1.  -1.]
 [ -1.  -1.  -1.  -1.]
 [ -1.  -1.  -1.  -1.]
 [ -1.  -1.  -1.  -1.]
 [ -1.  -1.  -1.  -1.]
 [ -1.  -1.  -1.  -1.]
 [ -1.  -1.  -1.  -1.]
 [ -1.  -1.  -1.  -1.]
 [127. 159. 191. 223.]
 [126. 158. 190. 222.]
 [125. 157. 189. 221.]
 [124. 156. 188. 220.]
 [ -1.  -1.  -1.  -1.]
 [ -1.  -1.  -1.  -1.]
 [ -1.  -1.  -1.  -1.]
 [ -1.  -1.  -1.  -1.]
 [ -1.  -1.  -1.  -1.]
 [ -1.  -1.  -1.  -1.]
 [ -1.  -1.  -1.  -1.]
 [ -1.  -1.  -1.  -1.]
 [ -1.  -1.  -1.  -1.]
 [ -1.  -1.  -1.  -1.]
 [131. 163. 195. 227.]
 [130. 162. 194. 226.]
 [129. 161. 193. 225.]
 [128. 160. 192. 224.]
 [ -1.  -1.  -1.  -1.]
 [ -1.  -1.  -1.  -1.]
 [ -1.  -1.  -1.  -1.]
 [ -1.  -1.  -1.  -1.]
 [ -1.  -1.  -1.  -1.]
 [ -1.  -1.  -1.  -1.]
 [ -1.  -1.  -1.  -1.]
 [ -1.  -1.  -1.  -1.]
 [ -1.  -1.  -1.  -1.]
 [ -1.  -1.  -1.  -1.]
 [231. 263.  -1.  -1.]
 [230. 262.  -1.  -1.]
 [229. 261.  -1.  -1.]
 [228. 260.  -1.  -1.]
 [ -1.  -1.  -1.  -1.]
 [ -1.  -1.  -1.  -1.]
 [ -1.  -1.  -1.  -1.]
 [ -1.  -1.  -1.  -1.]
 [ -1.  -1.  -1.  -1.]
 [ -1.  -1.  -1.  -1.]
 [ -1.  -1.  -1.  -1.]
 [ -1.  -1.  -1.  -1.]
 [ -1.  -1.  -1.  -1.]
 [ -1.  -1.  -1.  -1.]
 [235. 267.  -1.  -1.]
 [234. 266.  -1.  -1.]
 [233. 265.  -1.  -1.]
 [232. 264.  -1.  -1.]
 [ -1.  -1.  -1.  -1.]
 [ -1.  -1.  -1.  -1.]
 [ -1.  -1.  -1.  -1.]
 [ -1.  -1.  -1.  -1.]
 [ -1.  -1.  -1.  -1.]
 [ -1.  -1.  -1.  -1.]
 [ -1.  -1.  -1.  -1.]
 [ -1.  -1.  -1.  -1.]
 [ -1.  -1.  -1.  -1.]
 [ -1.  -1.  -1.  -1.]
 [239. 271.  -1.  -1.]
 [238. 270.  -1.  -1.]
 [237. 269.  -1.  -1.]
 [236. 268.  -1.  -1.]
 [ -1.  -1.  -1.  -1.]
 [ -1.  -1.  -1.  -1.]
 [ -1.  -1.  -1.  -1.]
 [ -1.  -1.  -1.  -1.]
 [ -1.  -1.  -1.  -1.]
 [ -1.  -1.  -1.  -1.]
 [ -1.  -1.  -1.  -1.]
 [ -1.  -1.  -1.  -1.]
 [ -1.  -1.  -1.  -1.]
 [ -1.  -1.  -1.  -1.]
 [243. 275.  -1.  -1.]
 [242. 274.  -1.  -1.]
 [241. 273.  -1.  -1.]
 [240. 272.  -1.  -1.]
 [ -1.  -1.  -1.  -1.]
 [ -1.  -1.  -1.  -1.]
 [ -1.  -1.  -1.  -1.]
 [ -1.  -1.  -1.  -1.]
 [ -1.  -1.  -1.  -1.]
 [ -1.  -1.  -1.  -1.]
 [ -1.  -1.  -1.  -1.]
 [ -1.  -1.  -1.  -1.]
 [ -1.  -1.  -1.  -1.]
 [ -1.  -1.  -1.  -1.]
 [247. 279.  -1.  -1.]
 [246. 278.  -1.  -1.]
 [245. 277.  -1.  -1.]
 [244. 276.  -1.  -1.]
 [ -1.  -1.  -1.  -1.]
 [ -1.  -1.  -1.  -1.]
 [ -1.  -1.  -1.  -1.]
 [ -1.  -1.  -1.  -1.]
 [ -1.  -1.  -1.  -1.]
 [ -1.  -1.  -1.  -1.]
 [ -1.  -1.  -1.  -1.]
 [ -1.  -1.  -1.  -1.]
 [ -1.  -1.  -1.  -1.]
 [ -1.  -1.  -1.  -1.]
 [251. 283.  -1.  -1.]
 [250. 282.  -1.  -1.]
 [249. 281.  -1.  -1.]
 [248. 280.  -1.  -1.]
 [ -1.  -1.  -1.  -1.]
 [ -1.  -1.  -1.  -1.]
 [ -1.  -1.  -1.  -1.]
 [ -1.  -1.  -1.  -1.]
 [ -1.  -1.  -1.  -1.]
 [ -1.  -1.  -1.  -1.]
 [ -1.  -1.  -1.  -1.]
 [ -1.  -1.  -1.  -1.]
 [ -1.  -1.  -1.  -1.]
 [ -1.  -1.  -1.  -1.]
 [255. 287.  -1.  -1.]
 [254. 286.  -1.  -1.]
 [253. 285.  -1.  -1.]
 [252. 284.  -1.  -1.]
 [ -1.  -1.  -1.  -1.]
 [ -1.  -1.  -1.  -1.]
 [ -1.  -1.  -1.  -1.]
 [ -1.  -1.  -1.  -1.]
 [ -1.  -1.  -1.  -1.]
 [ -1.  -1.  -1.  -1.]
 [ -1.  -1.  -1.  -1.]
 [ -1.  -1.  -1.  -1.]
 [ -1.  -1.  -1.  -1.]
 [ -1.  -1.  -1.  -1.]
 [259. 291.  -1.  -1.]
 [258. 290.  -1.  -1.]
 [257. 289.  -1.  -1.]
 [256. 288.  -1.  -1.]
 [ -1.  -1.  -1.  -1.]
 [ -1.  -1.  -1.  -1.]
 [ -1.  -1.  -1.  -1.]
 [ -1.  -1.  -1.  -1.]
 [ -1.  -1.  -1.  -1.]
 [ -1.  -1.  -1.  -1.]
 [ -1.  -1.  -1.  -1.]
 [ -1.  -1.  -1.  -1.]
 [ -1.  -1.  -1.  -1.]
 [ -1.  -1.  -1.  -1.]]
ofmap_demand_mat demand matrix
[[ -1.  -1.  -1.  -1.]
 [ -1.  -1.  -1.  -1.]
 [ -1.  -1.  -1.  -1.]
 [ -1.  -1.  -1.  -1.]
 [ -1.  -1.  -1.  -1.]
 [ -1.  -1.  -1.  -1.]
 [ -1.  -1.  -1.  -1.]
 [200.  -1.  -1.  -1.]
 [206. 201.  -1.  -1.]
 [212. 207. 202.  -1.]
 [218. 213. 208. 203.]
 [ -1. 219. 214. 209.]
 [ -1.  -1. 220. 215.]
 [ -1.  -1.  -1. 221.]
 [ -1.  -1.  -1.  -1.]
 [ -1.  -1.  -1.  -1.]
 [ -1.  -1.  -1.  -1.]
 [ -1.  -1.  -1.  -1.]
 [ -1.  -1.  -1.  -1.]
 [ -1.  -1.  -1.  -1.]
 [ -1.  -1.  -1.  -1.]
 [200.  -1.  -1.  -1.]
 [206. 201.  -1.  -1.]
 [212. 207. 202.  -1.]
 [218. 213. 208. 203.]
 [ -1. 219. 214. 209.]
 [ -1.  -1. 220. 215.]
 [ -1.  -1.  -1. 221.]
 [ -1.  -1.  -1.  -1.]
 [ -1.  -1.  -1.  -1.]
 [ -1.  -1.  -1.  -1.]
 [ -1.  -1.  -1.  -1.]
 [ -1.  -1.  -1.  -1.]
 [ -1.  -1.  -1.  -1.]
 [ -1.  -1.  -1.  -1.]
 [200.  -1.  -1.  -1.]
 [206. 201.  -1.  -1.]
 [212. 207. 202.  -1.]
 [218. 213. 208. 203.]
 [ -1. 219. 214. 209.]
 [ -1.  -1. 220. 215.]
 [ -1.  -1.  -1. 221.]
 [ -1.  -1.  -1.  -1.]
 [ -1.  -1.  -1.  -1.]
 [ -1.  -1.  -1.  -1.]
 [ -1.  -1.  -1.  -1.]
 [ -1.  -1.  -1.  -1.]
 [ -1.  -1.  -1.  -1.]
 [ -1.  -1.  -1.  -1.]
 [200.  -1.  -1.  -1.]
 [206. 201.  -1.  -1.]
 [212. 207. 202.  -1.]
 [218. 213. 208. 203.]
 [ -1. 219. 214. 209.]
 [ -1.  -1. 220. 215.]
 [ -1.  -1.  -1. 221.]
 [ -1.  -1.  -1.  -1.]
 [ -1.  -1.  -1.  -1.]
 [ -1.  -1.  -1.  -1.]
 [ -1.  -1.  -1.  -1.]
 [ -1.  -1.  -1.  -1.]
 [ -1.  -1.  -1.  -1.]
 [ -1.  -1.  -1.  -1.]
 [200.  -1.  -1.  -1.]
 [206. 201.  -1.  -1.]
 [212. 207. 202.  -1.]
 [218. 213. 208. 203.]
 [ -1. 219. 214. 209.]
 [ -1.  -1. 220. 215.]
 [ -1.  -1.  -1. 221.]
 [ -1.  -1.  -1.  -1.]
 [ -1.  -1.  -1.  -1.]
 [ -1.  -1.  -1.  -1.]
 [ -1.  -1.  -1.  -1.]
 [ -1.  -1.  -1.  -1.]
 [ -1.  -1.  -1.  -1.]
 [ -1.  -1.  -1.  -1.]
 [200.  -1.  -1.  -1.]
 [206. 201.  -1.  -1.]
 [212. 207. 202.  -1.]
 [218. 213. 208. 203.]
 [ -1. 219. 214. 209.]
 [ -1.  -1. 220. 215.]
 [ -1.  -1.  -1. 221.]
 [ -1.  -1.  -1.  -1.]
 [ -1.  -1.  -1.  -1.]
 [ -1.  -1.  -1.  -1.]
 [ -1.  -1.  -1.  -1.]
 [ -1.  -1.  -1.  -1.]
 [ -1.  -1.  -1.  -1.]
 [ -1.  -1.  -1.  -1.]
 [200.  -1.  -1.  -1.]
 [206. 201.  -1.  -1.]
 [212. 207. 202.  -1.]
 [218. 213. 208. 203.]
 [ -1. 219. 214. 209.]
 [ -1.  -1. 220. 215.]
 [ -1.  -1.  -1. 221.]
 [ -1.  -1.  -1.  -1.]
 [ -1.  -1.  -1.  -1.]
 [ -1.  -1.  -1.  -1.]
 [ -1.  -1.  -1.  -1.]
 [ -1.  -1.  -1.  -1.]
 [ -1.  -1.  -1.  -1.]
 [ -1.  -1.  -1.  -1.]
 [200.  -1.  -1.  -1.]
 [206. 201.  -1.  -1.]
 [212. 207. 202.  -1.]
 [218. 213. 208. 203.]
 [ -1. 219. 214. 209.]
 [ -1.  -1. 220. 215.]
 [ -1.  -1.  -1. 221.]
 [ -1.  -1.  -1.  -1.]
 [ -1.  -1.  -1.  -1.]
 [ -1.  -1.  -1.  -1.]
 [ -1.  -1.  -1.  -1.]
 [ -1.  -1.  -1.  -1.]
 [ -1.  -1.  -1.  -1.]
 [ -1.  -1.  -1.  -1.]
 [204.  -1.  -1.  -1.]
 [210. 205.  -1.  -1.]
 [216. 211.  -1.  -1.]
 [222. 217.  -1.  -1.]
 [ -1. 223.  -1.  -1.]
 [ -1.  -1.  -1.  -1.]
 [ -1.  -1.  -1.  -1.]
 [ -1.  -1.  -1.  -1.]
 [ -1.  -1.  -1.  -1.]
 [ -1.  -1.  -1.  -1.]
 [ -1.  -1.  -1.  -1.]
 [ -1.  -1.  -1.  -1.]
 [ -1.  -1.  -1.  -1.]
 [ -1.  -1.  -1.  -1.]
 [204.  -1.  -1.  -1.]
 [210. 205.  -1.  -1.]
 [216. 211.  -1.  -1.]
 [222. 217.  -1.  -1.]
 [ -1. 223.  -1.  -1.]
 [ -1.  -1.  -1.  -1.]
 [ -1.  -1.  -1.  -1.]
 [ -1.  -1.  -1.  -1.]
 [ -1.  -1.  -1.  -1.]
 [ -1.  -1.  -1.  -1.]
 [ -1.  -1.  -1.  -1.]
 [ -1.  -1.  -1.  -1.]
 [ -1.  -1.  -1.  -1.]
 [ -1.  -1.  -1.  -1.]
 [204.  -1.  -1.  -1.]
 [210. 205.  -1.  -1.]
 [216. 211.  -1.  -1.]
 [222. 217.  -1.  -1.]
 [ -1. 223.  -1.  -1.]
 [ -1.  -1.  -1.  -1.]
 [ -1.  -1.  -1.  -1.]
 [ -1.  -1.  -1.  -1.]
 [ -1.  -1.  -1.  -1.]
 [ -1.  -1.  -1.  -1.]
 [ -1.  -1.  -1.  -1.]
 [ -1.  -1.  -1.  -1.]
 [ -1.  -1.  -1.  -1.]
 [ -1.  -1.  -1.  -1.]
 [204.  -1.  -1.  -1.]
 [210. 205.  -1.  -1.]
 [216. 211.  -1.  -1.]
 [222. 217.  -1.  -1.]
 [ -1. 223.  -1.  -1.]
 [ -1.  -1.  -1.  -1.]
 [ -1.  -1.  -1.  -1.]
 [ -1.  -1.  -1.  -1.]
 [ -1.  -1.  -1.  -1.]
 [ -1.  -1.  -1.  -1.]
 [ -1.  -1.  -1.  -1.]
 [ -1.  -1.  -1.  -1.]
 [ -1.  -1.  -1.  -1.]
 [ -1.  -1.  -1.  -1.]
 [204.  -1.  -1.  -1.]
 [210. 205.  -1.  -1.]
 [216. 211.  -1.  -1.]
 [222. 217.  -1.  -1.]
 [ -1. 223.  -1.  -1.]
 [ -1.  -1.  -1.  -1.]
 [ -1.  -1.  -1.  -1.]
 [ -1.  -1.  -1.  -1.]
 [ -1.  -1.  -1.  -1.]
 [ -1.  -1.  -1.  -1.]
 [ -1.  -1.  -1.  -1.]
 [ -1.  -1.  -1.  -1.]
 [ -1.  -1.  -1.  -1.]
 [ -1.  -1.  -1.  -1.]
 [204.  -1.  -1.  -1.]
 [210. 205.  -1.  -1.]
 [216. 211.  -1.  -1.]
 [222. 217.  -1.  -1.]
 [ -1. 223.  -1.  -1.]
 [ -1.  -1.  -1.  -1.]
 [ -1.  -1.  -1.  -1.]
 [ -1.  -1.  -1.  -1.]
 [ -1.  -1.  -1.  -1.]
 [ -1.  -1.  -1.  -1.]
 [ -1.  -1.  -1.  -1.]
 [ -1.  -1.  -1.  -1.]
 [ -1.  -1.  -1.  -1.]
 [ -1.  -1.  -1.  -1.]
 [204.  -1.  -1.  -1.]
 [210. 205.  -1.  -1.]
 [216. 211.  -1.  -1.]
 [222. 217.  -1.  -1.]
 [ -1. 223.  -1.  -1.]
 [ -1.  -1.  -1.  -1.]
 [ -1.  -1.  -1.  -1.]
 [ -1.  -1.  -1.  -1.]
 [ -1.  -1.  -1.  -1.]
 [ -1.  -1.  -1.  -1.]
 [ -1.  -1.  -1.  -1.]
 [ -1.  -1.  -1.  -1.]
 [ -1.  -1.  -1.  -1.]
 [ -1.  -1.  -1.  -1.]
 [204.  -1.  -1.  -1.]
 [210. 205.  -1.  -1.]
 [216. 211.  -1.  -1.]
 [222. 217.  -1.  -1.]
 [ -1. 223.  -1.  -1.]
 [ -1.  -1.  -1.  -1.]
 [ -1.  -1.  -1.  -1.]]
Compute cycles: 223
Stall cycles: 0
Overall utilization: 21.52%
Mapping efficiency: 75.00%
Average IFMAP SRAM BW: 4.592 words/cycle
Average Filter SRAM BW: 0.861 words/cycle
Average Filter Metadata SRAM BW: 0.000 words/cycle
Average OFMAP SRAM BW: 0.861 words/cycle
Average IFMAP DRAM BW: 50.000 words/cycle
Average Filter DRAM BW: 50.000 words/cycle
Average OFMAP DRAM BW: 48.000 words/cycle
************ SCALE SIM Run Complete ****************
