====================================================
******************* SCALE SIM **********************
====================================================
Array Size: 	64x64
SRAM IFMAP (kB): 	64
SRAM Filter (kB): 	64
SRAM OFMAP (kB): 	64
Dataflow: 	Weight Stationary
CSV file path: 	topologies/sparsity/vit_b.csv
Bandwidth: 	50
Working in USE USER BANDWIDTH mode.
====================================================

Running Layer 0
196 32
196 32
196 32
196 32
196 32
196 32
196 32
196 32
196 32
196 32
196 32
196 32
196 32
196 32
196 32
196 32
196 32
196 32
Compute cycles: 90325
Stall cycles: 83378
Overall utilization: 7.81%
Mapping efficiency: 67.71%
Average IFMAP SRAM BW: 26.426 words/cycle
Average Filter SRAM BW: 0.816 words/cycle
Average Filter Metadata SRAM BW: 0.077 words/cycle
Average OFMAP SRAM BW: 2.500 words/cycle
Average IFMAP DRAM BW: 49.924 words/cycle
Average Filter DRAM BW: 49.962 words/cycle
Average OFMAP DRAM BW: 2.923 words/cycle

Running Layer 1
196 32
196 32
196 32
196 32
196 32
196 32
196 32
196 32
196 32
196 32
196 32
196 32
196 32
196 32
196 32
196 32
196 32
196 32
196 32
Compute cycles: 7333
Stall cycles: 0
Overall utilization: 49.11%
Mapping efficiency: 30.73%
Average IFMAP SRAM BW: 343.591 words/cycle
Average Filter SRAM BW: 5.132 words/cycle
Average Filter Metadata SRAM BW: 0.481 words/cycle
Average OFMAP SRAM BW: 31.433 words/cycle
Average IFMAP DRAM BW: 50.000 words/cycle
Average Filter DRAM BW: 50.000 words/cycle
Average OFMAP DRAM BW: 36.552 words/cycle

Running Layer 2
196 32
196 32
196 32
196 32
196 32
196 32
196 32
196 32
196 32
196 32
Compute cycles: 222631
Stall cycles: 218772
Overall utilization: 1.62%
Mapping efficiency: 58.14%
Average IFMAP SRAM BW: 5.956 words/cycle
Average Filter SRAM BW: 0.170 words/cycle
Average Filter Metadata SRAM BW: 0.016 words/cycle
Average OFMAP SRAM BW: 0.563 words/cycle
Average IFMAP DRAM BW: 49.924 words/cycle
Average Filter DRAM BW: 50.000 words/cycle
Average OFMAP DRAM BW: 0.754 words/cycle

Running Layer 3
196 32
196 32
196 32
196 32
196 32
196 32
196 32
196 32
196 32
196 32
196 32
196 32
196 32
196 32
196 32
196 32
196 32
196 32
196 32
196 32
196 32
196 32
196 32
196 32
196 32
196 32
196 32
196 32
196 32
196 32
196 32
196 32
196 32
196 32
196 32
196 32
196 32
196 32
196 32
196 32
196 32
196 32
196 32
196 32
196 32
196 32
196 32
196 32
196 32
196 32
196 32
196 32
196 32
196 32
196 32
196 32
196 32
196 32
196 32
196 32
196 32
196 32
196 32
196 32
196 32
196 32
196 32
196 32
196 32
196 32
196 32
196 32
196 32
196 32
196 32
196 32
196 32
196 32
196 32
196 32
196 32
196 32
196 32
196 32
196 32
196 32
196 32
196 32
196 32
196 32
196 32
196 32
196 32
196 32
196 32
196 32
196 32
196 32
196 32
196 32
196 32
196 32
196 32
196 32
196 32
196 32
196 32
196 32
196 32
196 32
196 32
196 32
196 32
196 32
196 32
196 32
196 32
196 32
196 32
196 32
196 32
196 32
196 32
196 32
196 32
196 32
196 32
196 32
196 32
196 32
196 32
196 32
196 32
196 32
196 32
196 32
196 32
196 32
196 32
196 32
196 32
196 32
196 32
196 32
196 32
196 32
196 32
196 32
196 32
196 32
196 32
196 32
196 32
196 32
196 32
196 32
196 32
196 32
196 32
196 32
196 32
196 32
196 32
196 32
196 32
196 32
196 32
196 32
196 32
196 32
196 32
196 32
196 32
196 32
196 32
196 32
196 32
196 32
196 32
196 32
196 32
196 32
196 32
196 32
196 32
196 32
196 32
196 32
196 32
196 32
196 32
196 32
196 32
196 32
196 32
196 32
196 32
196 32
196 32
196 32
196 32
196 32
196 32
196 32
196 32
196 32
196 32
196 32
196 32
196 32
196 32
196 32
196 32
196 32
196 32
196 32
196 32
196 32
196 32
196 32
196 32
196 32
196 32
196 32
196 32
196 32
196 32
196 32
196 32
196 32
196 32
196 32
196 32
196 32
196 32
196 32
196 32
196 32
196 32
196 32
196 32
196 32
196 32
196 32
196 32
196 32
196 32
196 32
196 32
196 32
196 32
196 32
196 32
196 32
196 32
196 32
196 32
196 32
196 32
196 32
196 32
196 32
196 32
196 32
196 32
196 32
196 32
196 32
196 32
196 32
196 32
196 32
196 32
196 32
196 32
196 32
196 32
196 32
196 32
196 32
196 32
196 32
196 32
196 32
196 32
196 32
196 32
196 32
Compute cycles: 1450315
Stall cycles: 1339148
Overall utilization: 7.78%
Mapping efficiency: 63.08%
Average IFMAP SRAM BW: 26.333 words/cycle
Average Filter SRAM BW: 0.813 words/cycle
Average Filter Metadata SRAM BW: 0.076 words/cycle
Average OFMAP SRAM BW: 2.491 words/cycle
Average IFMAP DRAM BW: 49.924 words/cycle
Average Filter DRAM BW: 49.924 words/cycle
Average OFMAP DRAM BW: 2.514 words/cycle

Running Layer 4
196 32
196 32
196 32
196 32
196 32
196 32
196 32
196 32
196 32
196 32
196 32
196 32
196 32
196 32
196 32
196 32
196 32
196 32
196 32
196 32
196 32
196 32
196 32
196 32
196 32
196 32
196 32
196 32
196 32
196 32
196 32
196 32
196 32
196 32
196 32
196 32
196 32
196 32
196 32
196 32
196 32
196 32
196 32
196 32
196 32
196 32
196 32
196 32
196 32
196 32
196 32
196 32
196 32
196 32
196 32
196 32
196 32
196 32
196 32
196 32
196 32
196 32
196 32
196 32
196 32
196 32
196 32
196 32
196 32
196 32
196 32
196 32
196 32
196 32
196 32
196 32
196 32
196 32
196 32
196 32
196 32
196 32
196 32
196 32
196 32
196 32
196 32
196 32
196 32
196 32
196 32
196 32
196 32
196 32
196 32
196 32
196 32
196 32
196 32
196 32
196 32
196 32
196 32
196 32
196 32
196 32
196 32
196 32
196 32
196 32
196 32
196 32
196 32
196 32
196 32
196 32
196 32
196 32
196 32
196 32
196 32
196 32
196 32
196 32
196 32
196 32
196 32
196 32
196 32
196 32
196 32
196 32
196 32
196 32
196 32
196 32
196 32
196 32
196 32
196 32
196 32
196 32
196 32
196 32
196 32
196 32
196 32
196 32
196 32
196 32
196 32
196 32
196 32
196 32
196 32
196 32
196 32
196 32
196 32
196 32
196 32
196 32
196 32
196 32
196 32
196 32
196 32
196 32
196 32
196 32
196 32
196 32
196 32
196 32
196 32
196 32
196 32
196 32
196 32
196 32
196 32
196 32
196 32
196 32
196 32
196 32
196 32
196 32
196 32
196 32
196 32
196 32
196 32
196 32
196 32
196 32
196 32
196 32
196 32
196 32
196 32
196 32
196 32
196 32
196 32
196 32
196 32
196 32
196 32
196 32
196 32
196 32
196 32
196 32
196 32
196 32
196 32
196 32
196 32
196 32
196 32
196 32
196 32
196 32
196 32
196 32
196 32
196 32
196 32
196 32
196 32
196 32
196 32
196 32
196 32
196 32
196 32
196 32
196 32
196 32
196 32
196 32
196 32
196 32
196 32
196 32
196 32
196 32
196 32
196 32
196 32
196 32
196 32
196 32
196 32
196 32
196 32
196 32
196 32
196 32
196 32
196 32
196 32
196 32
196 32
196 32
196 32
196 32
196 32
196 32
196 32
196 32
196 32
196 32
196 32
196 32
196 32
196 32
196 32
196 32
196 32
196 32
196 32
196 32
196 32
196 32
196 32
196 32
Compute cycles: 6634133
Stall cycles: 6522966
Overall utilization: 1.70%
Mapping efficiency: 62.63%
Average IFMAP SRAM BW: 5.757 words/cycle
Average Filter SRAM BW: 0.178 words/cycle
Average Filter Metadata SRAM BW: 0.017 words/cycle
Average OFMAP SRAM BW: 0.545 words/cycle
Average IFMAP DRAM BW: 49.924 words/cycle
Average Filter DRAM BW: 49.924 words/cycle
Average OFMAP DRAM BW: 0.547 words/cycle
************ SCALE SIM Run Complete ****************
