====================================================
******************* SCALE SIM **********************
====================================================
Array Size: 	64x64
SRAM IFMAP (kB): 	128
SRAM Filter (kB): 	128
SRAM OFMAP (kB): 	128
Dataflow: 	Weight Stationary
CSV file path: 	topologies/sparsity/vit_b.csv
Bandwidth: 	50
Working in USE USER BANDWIDTH mode.
====================================================

Running Layer 0
196 32
196 32
196 32
196 32
196 32
196 32
196 32
196 32
196 32
196 32
196 32
196 32
196 32
196 32
196 32
196 32
196 32
196 32
Compute cycles: 36229
Stall cycles: 29282
Overall utilization: 19.48%
Mapping efficiency: 63.80%
Average IFMAP SRAM BW: 65.885 words/cycle
Average Filter SRAM BW: 2.035 words/cycle
Average Filter Metadata SRAM BW: 0.191 words/cycle
Average OFMAP SRAM BW: 6.232 words/cycle
Average IFMAP DRAM BW: 49.963 words/cycle
Average Filter DRAM BW: 50.000 words/cycle
Average OFMAP DRAM BW: 7.985 words/cycle

Running Layer 1
196 32
196 32
196 32
196 32
196 32
196 32
196 32
196 32
196 32
196 32
196 32
196 32
196 32
196 32
196 32
196 32
196 32
196 32
196 32
Compute cycles: 7333
Stall cycles: 0
Overall utilization: 49.11%
Mapping efficiency: 30.17%
Average IFMAP SRAM BW: 343.591 words/cycle
Average Filter SRAM BW: 5.132 words/cycle
Average Filter Metadata SRAM BW: 0.481 words/cycle
Average OFMAP SRAM BW: 31.433 words/cycle
Average IFMAP DRAM BW: 50.000 words/cycle
Average Filter DRAM BW: 50.000 words/cycle
Average OFMAP DRAM BW: 39.207 words/cycle

Running Layer 2
196 32
196 32
196 32
196 32
196 32
196 32
196 32
196 32
196 32
196 32
Compute cycles: 33327
Stall cycles: 29468
Overall utilization: 10.81%
Mapping efficiency: 63.16%
Average IFMAP SRAM BW: 39.790 words/cycle
Average Filter SRAM BW: 1.137 words/cycle
Average Filter Metadata SRAM BW: 0.107 words/cycle
Average OFMAP SRAM BW: 3.764 words/cycle
Average IFMAP DRAM BW: 49.963 words/cycle
Average Filter DRAM BW: 50.000 words/cycle
Average OFMAP DRAM BW: 6.969 words/cycle

Running Layer 3
196 32
196 32
196 32
196 32
196 32
196 32
196 32
196 32
196 32
196 32
196 32
196 32
196 32
196 32
196 32
196 32
196 32
196 32
196 32
196 32
196 32
196 32
196 32
196 32
196 32
196 32
196 32
196 32
196 32
196 32
196 32
196 32
196 32
196 32
196 32
196 32
196 32
196 32
196 32
196 32
196 32
196 32
196 32
196 32
196 32
196 32
196 32
196 32
196 32
196 32
196 32
196 32
196 32
196 32
196 32
196 32
196 32
196 32
196 32
196 32
196 32
196 32
196 32
196 32
196 32
196 32
196 32
196 32
196 32
196 32
196 32
196 32
196 32
196 32
196 32
196 32
196 32
196 32
196 32
196 32
196 32
196 32
196 32
196 32
196 32
196 32
196 32
196 32
196 32
196 32
196 32
196 32
196 32
196 32
196 32
196 32
196 32
196 32
196 32
196 32
196 32
196 32
196 32
196 32
196 32
196 32
196 32
196 32
196 32
196 32
196 32
196 32
196 32
196 32
196 32
196 32
196 32
196 32
196 32
196 32
196 32
196 32
196 32
196 32
196 32
196 32
196 32
196 32
196 32
196 32
196 32
196 32
196 32
196 32
196 32
196 32
196 32
196 32
196 32
196 32
196 32
196 32
196 32
196 32
196 32
196 32
196 32
196 32
196 32
196 32
196 32
196 32
196 32
196 32
196 32
196 32
196 32
196 32
196 32
196 32
196 32
196 32
196 32
196 32
196 32
196 32
196 32
196 32
196 32
196 32
196 32
196 32
196 32
196 32
196 32
196 32
196 32
196 32
196 32
196 32
196 32
196 32
196 32
196 32
196 32
196 32
196 32
196 32
196 32
196 32
196 32
196 32
196 32
196 32
196 32
196 32
196 32
196 32
196 32
196 32
196 32
196 32
196 32
196 32
196 32
196 32
196 32
196 32
196 32
196 32
196 32
196 32
196 32
196 32
196 32
196 32
196 32
196 32
196 32
196 32
196 32
196 32
196 32
196 32
196 32
196 32
196 32
196 32
196 32
196 32
196 32
196 32
196 32
196 32
196 32
196 32
196 32
196 32
196 32
196 32
196 32
196 32
196 32
196 32
196 32
196 32
196 32
196 32
196 32
196 32
196 32
196 32
196 32
196 32
196 32
196 32
196 32
196 32
196 32
196 32
196 32
196 32
196 32
196 32
196 32
196 32
196 32
196 32
196 32
196 32
196 32
196 32
196 32
196 32
196 32
196 32
196 32
196 32
196 32
196 32
196 32
196 32
196 32
196 32
196 32
196 32
196 32
196 32
Compute cycles: 579111
Stall cycles: 467944
Overall utilization: 19.49%
Mapping efficiency: 62.74%
Average IFMAP SRAM BW: 65.948 words/cycle
Average Filter SRAM BW: 2.037 words/cycle
Average Filter Metadata SRAM BW: 0.191 words/cycle
Average OFMAP SRAM BW: 6.238 words/cycle
Average IFMAP DRAM BW: 49.962 words/cycle
Average Filter DRAM BW: 49.962 words/cycle
Average OFMAP DRAM BW: 6.330 words/cycle

Running Layer 4
196 32
196 32
196 32
196 32
196 32
196 32
196 32
196 32
196 32
196 32
196 32
196 32
196 32
196 32
196 32
196 32
196 32
196 32
196 32
196 32
196 32
196 32
196 32
196 32
196 32
196 32
196 32
196 32
196 32
196 32
196 32
196 32
196 32
196 32
196 32
196 32
196 32
196 32
196 32
196 32
196 32
196 32
196 32
196 32
196 32
196 32
196 32
196 32
196 32
196 32
196 32
196 32
196 32
196 32
196 32
196 32
196 32
196 32
196 32
196 32
196 32
196 32
196 32
196 32
196 32
196 32
196 32
196 32
196 32
196 32
196 32
196 32
196 32
196 32
196 32
196 32
196 32
196 32
196 32
196 32
196 32
196 32
196 32
196 32
196 32
196 32
196 32
196 32
196 32
196 32
196 32
196 32
196 32
196 32
196 32
196 32
196 32
196 32
196 32
196 32
196 32
196 32
196 32
196 32
196 32
196 32
196 32
196 32
196 32
196 32
196 32
196 32
196 32
196 32
196 32
196 32
196 32
196 32
196 32
196 32
196 32
196 32
196 32
196 32
196 32
196 32
196 32
196 32
196 32
196 32
196 32
196 32
196 32
196 32
196 32
196 32
196 32
196 32
196 32
196 32
196 32
196 32
196 32
196 32
196 32
196 32
196 32
196 32
196 32
196 32
196 32
196 32
196 32
196 32
196 32
196 32
196 32
196 32
196 32
196 32
196 32
196 32
196 32
196 32
196 32
196 32
196 32
196 32
196 32
196 32
196 32
196 32
196 32
196 32
196 32
196 32
196 32
196 32
196 32
196 32
196 32
196 32
196 32
196 32
196 32
196 32
196 32
196 32
196 32
196 32
196 32
196 32
196 32
196 32
196 32
196 32
196 32
196 32
196 32
196 32
196 32
196 32
196 32
196 32
196 32
196 32
196 32
196 32
196 32
196 32
196 32
196 32
196 32
196 32
196 32
196 32
196 32
196 32
196 32
196 32
196 32
196 32
196 32
196 32
196 32
196 32
196 32
196 32
196 32
196 32
196 32
196 32
196 32
196 32
196 32
196 32
196 32
196 32
196 32
196 32
196 32
196 32
196 32
196 32
196 32
196 32
196 32
196 32
196 32
196 32
196 32
196 32
196 32
196 32
196 32
196 32
196 32
196 32
196 32
196 32
196 32
196 32
196 32
196 32
196 32
196 32
196 32
196 32
196 32
196 32
196 32
196 32
196 32
196 32
196 32
196 32
196 32
196 32
196 32
196 32
196 32
196 32
196 32
196 32
196 32
196 32
196 32
196 32
Compute cycles: 1798826
Stall cycles: 1687659
Overall utilization: 6.28%
Mapping efficiency: 63.54%
Average IFMAP SRAM BW: 21.231 words/cycle
Average Filter SRAM BW: 0.656 words/cycle
Average Filter Metadata SRAM BW: 0.061 words/cycle
Average OFMAP SRAM BW: 2.008 words/cycle
Average IFMAP DRAM BW: 49.962 words/cycle
Average Filter DRAM BW: 49.962 words/cycle
Average OFMAP DRAM BW: 2.040 words/cycle
************ SCALE SIM Run Complete ****************
