====================================================
******************* SCALE SIM **********************
====================================================
Array Size: 	64x64
SRAM IFMAP (kB): 	512
SRAM Filter (kB): 	512
SRAM OFMAP (kB): 	512
Dataflow: 	Weight Stationary
CSV file path: 	topologies/sparsity/vit_b.csv
Bandwidth: 	50
Working in USE USER BANDWIDTH mode.
====================================================

Running Layer 0
196 128
196 128
196 128
196 128
196 128
196 128
196 128
196 128
196 128
196 128
196 128
196 128
196 128
196 128
196 128
196 128
196 128
196 128
Compute cycles: 6947
Stall cycles: 0
Overall utilization: 101.57%
Mapping efficiency: 51.04%
Average IFMAP SRAM BW: 687.187 words/cycle
Average Filter SRAM BW: 10.613 words/cycle
Average Filter Metadata SRAM BW: 0.995 words/cycle
Average OFMAP SRAM BW: 32.502 words/cycle
Average IFMAP DRAM BW: 50.000 words/cycle
Average Filter DRAM BW: 50.000 words/cycle
Average OFMAP DRAM BW: 49.998 words/cycle

Running Layer 1
196 128
196 128
196 128
196 128
196 128
196 128
196 128
196 128
196 128
196 128
196 128
196 128
196 128
196 128
196 128
196 128
196 128
196 128
196 128
Compute cycles: 7333
Stall cycles: 0
Overall utilization: 49.11%
Mapping efficiency: 27.72%
Average IFMAP SRAM BW: 687.182 words/cycle
Average Filter SRAM BW: 5.132 words/cycle
Average Filter Metadata SRAM BW: 0.481 words/cycle
Average OFMAP SRAM BW: 31.433 words/cycle
Average IFMAP DRAM BW: 50.000 words/cycle
Average Filter DRAM BW: 50.000 words/cycle
Average OFMAP DRAM BW: 49.999 words/cycle

Running Layer 2
196 128
196 128
196 128
196 128
196 128
196 128
196 128
196 128
196 128
196 128
Compute cycles: 3859
Stall cycles: 0
Overall utilization: 93.33%
Mapping efficiency: 54.02%
Average IFMAP SRAM BW: 687.266 words/cycle
Average Filter SRAM BW: 9.818 words/cycle
Average Filter Metadata SRAM BW: 0.920 words/cycle
Average OFMAP SRAM BW: 32.506 words/cycle
Average IFMAP DRAM BW: 50.000 words/cycle
Average Filter DRAM BW: 50.000 words/cycle
Average OFMAP DRAM BW: 49.996 words/cycle

Running Layer 3
196 128
196 128
196 128
196 128
196 128
196 128
196 128
196 128
196 128
196 128
196 128
196 128
196 128
196 128
196 128
196 128
196 128
196 128
196 128
196 128
196 128
196 128
196 128
196 128
196 128
196 128
196 128
196 128
196 128
196 128
196 128
196 128
196 128
196 128
196 128
196 128
196 128
196 128
196 128
196 128
196 128
196 128
196 128
196 128
196 128
196 128
196 128
196 128
196 128
196 128
196 128
196 128
196 128
196 128
196 128
196 128
196 128
196 128
196 128
196 128
196 128
196 128
196 128
196 128
196 128
196 128
196 128
196 128
196 128
196 128
196 128
196 128
196 128
196 128
196 128
196 128
196 128
196 128
196 128
196 128
196 128
196 128
196 128
196 128
196 128
196 128
196 128
196 128
196 128
196 128
196 128
196 128
196 128
196 128
196 128
196 128
196 128
196 128
196 128
196 128
196 128
196 128
196 128
196 128
196 128
196 128
196 128
196 128
196 128
196 128
196 128
196 128
196 128
196 128
196 128
196 128
196 128
196 128
196 128
196 128
196 128
196 128
196 128
196 128
196 128
196 128
196 128
196 128
196 128
196 128
196 128
196 128
196 128
196 128
196 128
196 128
196 128
196 128
196 128
196 128
196 128
196 128
196 128
196 128
196 128
196 128
196 128
196 128
196 128
196 128
196 128
196 128
196 128
196 128
196 128
196 128
196 128
196 128
196 128
196 128
196 128
196 128
196 128
196 128
196 128
196 128
196 128
196 128
196 128
196 128
196 128
196 128
196 128
196 128
196 128
196 128
196 128
196 128
196 128
196 128
196 128
196 128
196 128
196 128
196 128
196 128
196 128
196 128
196 128
196 128
196 128
196 128
196 128
196 128
196 128
196 128
196 128
196 128
196 128
196 128
196 128
196 128
196 128
196 128
196 128
196 128
196 128
196 128
196 128
196 128
196 128
196 128
196 128
196 128
196 128
196 128
196 128
196 128
196 128
196 128
196 128
196 128
196 128
196 128
196 128
196 128
196 128
196 128
196 128
196 128
196 128
196 128
196 128
196 128
196 128
196 128
196 128
196 128
196 128
196 128
196 128
196 128
196 128
196 128
196 128
196 128
196 128
196 128
196 128
196 128
196 128
196 128
196 128
196 128
196 128
196 128
196 128
196 128
196 128
196 128
196 128
196 128
196 128
196 128
196 128
196 128
196 128
196 128
196 128
196 128
196 128
196 128
196 128
196 128
196 128
196 128
196 128
196 128
196 128
196 128
196 128
196 128
196 128
196 128
196 128
196 128
196 128
196 128
Compute cycles: 111167
Stall cycles: 0
Overall utilization: 101.56%
Mapping efficiency: 57.40%
Average IFMAP SRAM BW: 687.094 words/cycle
Average Filter SRAM BW: 10.611 words/cycle
Average Filter Metadata SRAM BW: 0.995 words/cycle
Average OFMAP SRAM BW: 32.498 words/cycle
Average IFMAP DRAM BW: 50.000 words/cycle
Average Filter DRAM BW: 49.991 words/cycle
Average OFMAP DRAM BW: 33.698 words/cycle

Running Layer 4
196 128
196 128
196 128
196 128
196 128
196 128
196 128
196 128
196 128
196 128
196 128
196 128
196 128
196 128
196 128
196 128
196 128
196 128
196 128
196 128
196 128
196 128
196 128
196 128
196 128
196 128
196 128
196 128
196 128
196 128
196 128
196 128
196 128
196 128
196 128
196 128
196 128
196 128
196 128
196 128
196 128
196 128
196 128
196 128
196 128
196 128
196 128
196 128
196 128
196 128
196 128
196 128
196 128
196 128
196 128
196 128
196 128
196 128
196 128
196 128
196 128
196 128
196 128
196 128
196 128
196 128
196 128
196 128
196 128
196 128
196 128
196 128
196 128
196 128
196 128
196 128
196 128
196 128
196 128
196 128
196 128
196 128
196 128
196 128
196 128
196 128
196 128
196 128
196 128
196 128
196 128
196 128
196 128
196 128
196 128
196 128
196 128
196 128
196 128
196 128
196 128
196 128
196 128
196 128
196 128
196 128
196 128
196 128
196 128
196 128
196 128
196 128
196 128
196 128
196 128
196 128
196 128
196 128
196 128
196 128
196 128
196 128
196 128
196 128
196 128
196 128
196 128
196 128
196 128
196 128
196 128
196 128
196 128
196 128
196 128
196 128
196 128
196 128
196 128
196 128
196 128
196 128
196 128
196 128
196 128
196 128
196 128
196 128
196 128
196 128
196 128
196 128
196 128
196 128
196 128
196 128
196 128
196 128
196 128
196 128
196 128
196 128
196 128
196 128
196 128
196 128
196 128
196 128
196 128
196 128
196 128
196 128
196 128
196 128
196 128
196 128
196 128
196 128
196 128
196 128
196 128
196 128
196 128
196 128
196 128
196 128
196 128
196 128
196 128
196 128
196 128
196 128
196 128
196 128
196 128
196 128
196 128
196 128
196 128
196 128
196 128
196 128
196 128
196 128
196 128
196 128
196 128
196 128
196 128
196 128
196 128
196 128
196 128
196 128
196 128
196 128
196 128
196 128
196 128
196 128
196 128
196 128
196 128
196 128
196 128
196 128
196 128
196 128
196 128
196 128
196 128
196 128
196 128
196 128
196 128
196 128
196 128
196 128
196 128
196 128
196 128
196 128
196 128
196 128
196 128
196 128
196 128
196 128
196 128
196 128
196 128
196 128
196 128
196 128
196 128
196 128
196 128
196 128
196 128
196 128
196 128
196 128
196 128
196 128
196 128
196 128
196 128
196 128
196 128
196 128
196 128
196 128
196 128
196 128
196 128
196 128
196 128
196 128
196 128
196 128
196 128
196 128
196 128
196 128
196 128
196 128
196 128
196 128
Compute cycles: 578943
Stall cycles: 467776
Overall utilization: 19.50%
Mapping efficiency: 56.53%
Average IFMAP SRAM BW: 131.934 words/cycle
Average Filter SRAM BW: 2.038 words/cycle
Average Filter Metadata SRAM BW: 0.191 words/cycle
Average OFMAP SRAM BW: 6.240 words/cycle
Average IFMAP DRAM BW: 49.991 words/cycle
Average Filter DRAM BW: 49.991 words/cycle
Average OFMAP DRAM BW: 6.579 words/cycle
************ SCALE SIM Run Complete ****************
