====================================================
******************* SCALE SIM **********************
====================================================
Array Size: 	64x64
SRAM IFMAP (kB): 	128
SRAM Filter (kB): 	128
SRAM OFMAP (kB): 	128
Dataflow: 	Weight Stationary
CSV file path: 	topologies/sparsity/vit_b.csv
Bandwidth: 	50
Working in USE USER BANDWIDTH mode.
====================================================

Running Layer 0
196 128
196 128
196 128
196 128
196 128
196 128
196 128
196 128
196 128
196 128
196 128
196 128
196 128
196 128
196 128
196 128
196 128
196 128
Compute cycles: 36227
Stall cycles: 29280
Overall utilization: 19.48%
Mapping efficiency: 52.15%
Average IFMAP SRAM BW: 131.777 words/cycle
Average Filter SRAM BW: 2.035 words/cycle
Average Filter Metadata SRAM BW: 0.191 words/cycle
Average OFMAP SRAM BW: 6.233 words/cycle
Average IFMAP DRAM BW: 49.963 words/cycle
Average Filter DRAM BW: 50.000 words/cycle
Average OFMAP DRAM BW: 7.984 words/cycle

Running Layer 1
196 128
196 128
196 128
196 128
196 128
196 128
196 128
196 128
196 128
196 128
196 128
196 128
196 128
196 128
196 128
196 128
196 128
196 128
196 128
Compute cycles: 7333
Stall cycles: 0
Overall utilization: 49.11%
Mapping efficiency: 27.13%
Average IFMAP SRAM BW: 687.182 words/cycle
Average Filter SRAM BW: 5.132 words/cycle
Average Filter Metadata SRAM BW: 0.481 words/cycle
Average OFMAP SRAM BW: 31.433 words/cycle
Average IFMAP DRAM BW: 50.000 words/cycle
Average Filter DRAM BW: 50.000 words/cycle
Average OFMAP DRAM BW: 39.207 words/cycle

Running Layer 2
196 128
196 128
196 128
196 128
196 128
196 128
196 128
196 128
196 128
196 128
Compute cycles: 33331
Stall cycles: 29472
Overall utilization: 10.81%
Mapping efficiency: 55.10%
Average IFMAP SRAM BW: 79.570 words/cycle
Average Filter SRAM BW: 1.137 words/cycle
Average Filter Metadata SRAM BW: 0.107 words/cycle
Average OFMAP SRAM BW: 3.763 words/cycle
Average IFMAP DRAM BW: 49.963 words/cycle
Average Filter DRAM BW: 50.000 words/cycle
Average OFMAP DRAM BW: 6.966 words/cycle

Running Layer 3
196 128
196 128
196 128
196 128
196 128
196 128
196 128
196 128
196 128
196 128
196 128
196 128
196 128
196 128
196 128
196 128
196 128
196 128
196 128
196 128
196 128
196 128
196 128
196 128
196 128
196 128
196 128
196 128
196 128
196 128
196 128
196 128
196 128
196 128
196 128
196 128
196 128
196 128
196 128
196 128
196 128
196 128
196 128
196 128
196 128
196 128
196 128
196 128
196 128
196 128
196 128
196 128
196 128
196 128
196 128
196 128
196 128
196 128
196 128
196 128
196 128
196 128
196 128
196 128
196 128
196 128
196 128
196 128
196 128
196 128
196 128
196 128
196 128
196 128
196 128
196 128
196 128
196 128
196 128
196 128
196 128
196 128
196 128
196 128
196 128
196 128
196 128
196 128
196 128
196 128
196 128
196 128
196 128
196 128
196 128
196 128
196 128
196 128
196 128
196 128
196 128
196 128
196 128
196 128
196 128
196 128
196 128
196 128
196 128
196 128
196 128
196 128
196 128
196 128
196 128
196 128
196 128
196 128
196 128
196 128
196 128
196 128
196 128
196 128
196 128
196 128
196 128
196 128
196 128
196 128
196 128
196 128
196 128
196 128
196 128
196 128
196 128
196 128
196 128
196 128
196 128
196 128
196 128
196 128
196 128
196 128
196 128
196 128
196 128
196 128
196 128
196 128
196 128
196 128
196 128
196 128
196 128
196 128
196 128
196 128
196 128
196 128
196 128
196 128
196 128
196 128
196 128
196 128
196 128
196 128
196 128
196 128
196 128
196 128
196 128
196 128
196 128
196 128
196 128
196 128
196 128
196 128
196 128
196 128
196 128
196 128
196 128
196 128
196 128
196 128
196 128
196 128
196 128
196 128
196 128
196 128
196 128
196 128
196 128
196 128
196 128
196 128
196 128
196 128
196 128
196 128
196 128
196 128
196 128
196 128
196 128
196 128
196 128
196 128
196 128
196 128
196 128
196 128
196 128
196 128
196 128
196 128
196 128
196 128
196 128
196 128
196 128
196 128
196 128
196 128
196 128
196 128
196 128
196 128
196 128
196 128
196 128
196 128
196 128
196 128
196 128
196 128
196 128
196 128
196 128
196 128
196 128
196 128
196 128
196 128
196 128
196 128
196 128
196 128
196 128
196 128
196 128
196 128
196 128
196 128
196 128
196 128
196 128
196 128
196 128
196 128
196 128
196 128
196 128
196 128
196 128
196 128
196 128
196 128
196 128
196 128
196 128
196 128
196 128
196 128
196 128
196 128
196 128
196 128
196 128
196 128
196 128
196 128
Compute cycles: 579109
Stall cycles: 467942
Overall utilization: 19.49%
Mapping efficiency: 55.67%
Average IFMAP SRAM BW: 131.896 words/cycle
Average Filter SRAM BW: 2.037 words/cycle
Average Filter Metadata SRAM BW: 0.191 words/cycle
Average OFMAP SRAM BW: 6.238 words/cycle
Average IFMAP DRAM BW: 49.962 words/cycle
Average Filter DRAM BW: 49.962 words/cycle
Average OFMAP DRAM BW: 6.330 words/cycle

Running Layer 4
196 128
196 128
196 128
196 128
196 128
196 128
196 128
196 128
196 128
196 128
196 128
196 128
196 128
196 128
196 128
196 128
196 128
196 128
196 128
196 128
196 128
196 128
196 128
196 128
196 128
196 128
196 128
196 128
196 128
196 128
196 128
196 128
196 128
196 128
196 128
196 128
196 128
196 128
196 128
196 128
196 128
196 128
196 128
196 128
196 128
196 128
196 128
196 128
196 128
196 128
196 128
196 128
196 128
196 128
196 128
196 128
196 128
196 128
196 128
196 128
196 128
196 128
196 128
196 128
196 128
196 128
196 128
196 128
196 128
196 128
196 128
196 128
196 128
196 128
196 128
196 128
196 128
196 128
196 128
196 128
196 128
196 128
196 128
196 128
196 128
196 128
196 128
196 128
196 128
196 128
196 128
196 128
196 128
196 128
196 128
196 128
196 128
196 128
196 128
196 128
196 128
196 128
196 128
196 128
196 128
196 128
196 128
196 128
196 128
196 128
196 128
196 128
196 128
196 128
196 128
196 128
196 128
196 128
196 128
196 128
196 128
196 128
196 128
196 128
196 128
196 128
196 128
196 128
196 128
196 128
196 128
196 128
196 128
196 128
196 128
196 128
196 128
196 128
196 128
196 128
196 128
196 128
196 128
196 128
196 128
196 128
196 128
196 128
196 128
196 128
196 128
196 128
196 128
196 128
196 128
196 128
196 128
196 128
196 128
196 128
196 128
196 128
196 128
196 128
196 128
196 128
196 128
196 128
196 128
196 128
196 128
196 128
196 128
196 128
196 128
196 128
196 128
196 128
196 128
196 128
196 128
196 128
196 128
196 128
196 128
196 128
196 128
196 128
196 128
196 128
196 128
196 128
196 128
196 128
196 128
196 128
196 128
196 128
196 128
196 128
196 128
196 128
196 128
196 128
196 128
196 128
196 128
196 128
196 128
196 128
196 128
196 128
196 128
196 128
196 128
196 128
196 128
196 128
196 128
196 128
196 128
196 128
196 128
196 128
196 128
196 128
196 128
196 128
196 128
196 128
196 128
196 128
196 128
196 128
196 128
196 128
196 128
196 128
196 128
196 128
196 128
196 128
196 128
196 128
196 128
196 128
196 128
196 128
196 128
196 128
196 128
196 128
196 128
196 128
196 128
196 128
196 128
196 128
196 128
196 128
196 128
196 128
196 128
196 128
196 128
196 128
196 128
196 128
196 128
196 128
196 128
196 128
196 128
196 128
196 128
196 128
196 128
196 128
196 128
196 128
196 128
196 128
196 128
196 128
196 128
196 128
196 128
196 128
Compute cycles: 2161532
Stall cycles: 2050365
Overall utilization: 5.22%
Mapping efficiency: 54.44%
Average IFMAP SRAM BW: 35.337 words/cycle
Average Filter SRAM BW: 0.546 words/cycle
Average Filter Metadata SRAM BW: 0.051 words/cycle
Average OFMAP SRAM BW: 1.671 words/cycle
Average IFMAP DRAM BW: 49.962 words/cycle
Average Filter DRAM BW: 49.962 words/cycle
Average OFMAP DRAM BW: 1.702 words/cycle
************ SCALE SIM Run Complete ****************
