====================================================
******************* SCALE SIM **********************
====================================================
Array Size: 	64x64
SRAM IFMAP (kB): 	1024
SRAM Filter (kB): 	1024
SRAM OFMAP (kB): 	1024
Dataflow: 	Weight Stationary
CSV file path: 	topologies/sparsity/vit_b.csv
Bandwidth: 	50
Working in USE USER BANDWIDTH mode.
====================================================

Running Layer 0
196 32
196 32
196 32
196 32
196 32
196 32
196 32
196 32
196 32
196 32
196 32
196 32
196 32
196 32
196 32
196 32
196 32
196 32
Compute cycles: 6947
Stall cycles: 0
Overall utilization: 101.57%
Mapping efficiency: 65.10%
Average IFMAP SRAM BW: 343.593 words/cycle
Average Filter SRAM BW: 10.613 words/cycle
Average Filter Metadata SRAM BW: 0.995 words/cycle
Average OFMAP SRAM BW: 32.502 words/cycle
Average IFMAP DRAM BW: 50.000 words/cycle
Average Filter DRAM BW: 50.000 words/cycle
Average OFMAP DRAM BW: 49.998 words/cycle

Running Layer 1
196 32
196 32
196 32
196 32
196 32
196 32
196 32
196 32
196 32
196 32
196 32
196 32
196 32
196 32
196 32
196 32
196 32
196 32
196 32
Compute cycles: 7333
Stall cycles: 0
Overall utilization: 49.11%
Mapping efficiency: 29.75%
Average IFMAP SRAM BW: 343.591 words/cycle
Average Filter SRAM BW: 5.132 words/cycle
Average Filter Metadata SRAM BW: 0.481 words/cycle
Average OFMAP SRAM BW: 31.433 words/cycle
Average IFMAP DRAM BW: 50.000 words/cycle
Average Filter DRAM BW: 50.000 words/cycle
Average OFMAP DRAM BW: 49.999 words/cycle

Running Layer 2
196 32
196 32
196 32
196 32
196 32
196 32
196 32
196 32
196 32
196 32
Compute cycles: 3859
Stall cycles: 0
Overall utilization: 93.33%
Mapping efficiency: 60.29%
Average IFMAP SRAM BW: 343.633 words/cycle
Average Filter SRAM BW: 9.818 words/cycle
Average Filter Metadata SRAM BW: 0.920 words/cycle
Average OFMAP SRAM BW: 32.506 words/cycle
Average IFMAP DRAM BW: 50.000 words/cycle
Average Filter DRAM BW: 50.000 words/cycle
Average OFMAP DRAM BW: 49.996 words/cycle

Running Layer 3
196 32
196 32
196 32
196 32
196 32
196 32
196 32
196 32
196 32
196 32
196 32
196 32
196 32
196 32
196 32
196 32
196 32
196 32
196 32
196 32
196 32
196 32
196 32
196 32
196 32
196 32
196 32
196 32
196 32
196 32
196 32
196 32
196 32
196 32
196 32
196 32
196 32
196 32
196 32
196 32
196 32
196 32
196 32
196 32
196 32
196 32
196 32
196 32
196 32
196 32
196 32
196 32
196 32
196 32
196 32
196 32
196 32
196 32
196 32
196 32
196 32
196 32
196 32
196 32
196 32
196 32
196 32
196 32
196 32
196 32
196 32
196 32
196 32
196 32
196 32
196 32
196 32
196 32
196 32
196 32
196 32
196 32
196 32
196 32
196 32
196 32
196 32
196 32
196 32
196 32
196 32
196 32
196 32
196 32
196 32
196 32
196 32
196 32
196 32
196 32
196 32
196 32
196 32
196 32
196 32
196 32
196 32
196 32
196 32
196 32
196 32
196 32
196 32
196 32
196 32
196 32
196 32
196 32
196 32
196 32
196 32
196 32
196 32
196 32
196 32
196 32
196 32
196 32
196 32
196 32
196 32
196 32
196 32
196 32
196 32
196 32
196 32
196 32
196 32
196 32
196 32
196 32
196 32
196 32
196 32
196 32
196 32
196 32
196 32
196 32
196 32
196 32
196 32
196 32
196 32
196 32
196 32
196 32
196 32
196 32
196 32
196 32
196 32
196 32
196 32
196 32
196 32
196 32
196 32
196 32
196 32
196 32
196 32
196 32
196 32
196 32
196 32
196 32
196 32
196 32
196 32
196 32
196 32
196 32
196 32
196 32
196 32
196 32
196 32
196 32
196 32
196 32
196 32
196 32
196 32
196 32
196 32
196 32
196 32
196 32
196 32
196 32
196 32
196 32
196 32
196 32
196 32
196 32
196 32
196 32
196 32
196 32
196 32
196 32
196 32
196 32
196 32
196 32
196 32
196 32
196 32
196 32
196 32
196 32
196 32
196 32
196 32
196 32
196 32
196 32
196 32
196 32
196 32
196 32
196 32
196 32
196 32
196 32
196 32
196 32
196 32
196 32
196 32
196 32
196 32
196 32
196 32
196 32
196 32
196 32
196 32
196 32
196 32
196 32
196 32
196 32
196 32
196 32
196 32
196 32
196 32
196 32
196 32
196 32
196 32
196 32
196 32
196 32
196 32
196 32
196 32
196 32
196 32
196 32
196 32
196 32
196 32
196 32
196 32
196 32
196 32
196 32
196 32
196 32
196 32
196 32
196 32
196 32
Compute cycles: 111167
Stall cycles: 0
Overall utilization: 101.56%
Mapping efficiency: 62.07%
Average IFMAP SRAM BW: 343.547 words/cycle
Average Filter SRAM BW: 10.611 words/cycle
Average Filter Metadata SRAM BW: 0.995 words/cycle
Average OFMAP SRAM BW: 32.498 words/cycle
Average IFMAP DRAM BW: 50.000 words/cycle
Average Filter DRAM BW: 49.998 words/cycle
Average OFMAP DRAM BW: 34.615 words/cycle

Running Layer 4
196 32
196 32
196 32
196 32
196 32
196 32
196 32
196 32
196 32
196 32
196 32
196 32
196 32
196 32
196 32
196 32
196 32
196 32
196 32
196 32
196 32
196 32
196 32
196 32
196 32
196 32
196 32
196 32
196 32
196 32
196 32
196 32
196 32
196 32
196 32
196 32
196 32
196 32
196 32
196 32
196 32
196 32
196 32
196 32
196 32
196 32
196 32
196 32
196 32
196 32
196 32
196 32
196 32
196 32
196 32
196 32
196 32
196 32
196 32
196 32
196 32
196 32
196 32
196 32
196 32
196 32
196 32
196 32
196 32
196 32
196 32
196 32
196 32
196 32
196 32
196 32
196 32
196 32
196 32
196 32
196 32
196 32
196 32
196 32
196 32
196 32
196 32
196 32
196 32
196 32
196 32
196 32
196 32
196 32
196 32
196 32
196 32
196 32
196 32
196 32
196 32
196 32
196 32
196 32
196 32
196 32
196 32
196 32
196 32
196 32
196 32
196 32
196 32
196 32
196 32
196 32
196 32
196 32
196 32
196 32
196 32
196 32
196 32
196 32
196 32
196 32
196 32
196 32
196 32
196 32
196 32
196 32
196 32
196 32
196 32
196 32
196 32
196 32
196 32
196 32
196 32
196 32
196 32
196 32
196 32
196 32
196 32
196 32
196 32
196 32
196 32
196 32
196 32
196 32
196 32
196 32
196 32
196 32
196 32
196 32
196 32
196 32
196 32
196 32
196 32
196 32
196 32
196 32
196 32
196 32
196 32
196 32
196 32
196 32
196 32
196 32
196 32
196 32
196 32
196 32
196 32
196 32
196 32
196 32
196 32
196 32
196 32
196 32
196 32
196 32
196 32
196 32
196 32
196 32
196 32
196 32
196 32
196 32
196 32
196 32
196 32
196 32
196 32
196 32
196 32
196 32
196 32
196 32
196 32
196 32
196 32
196 32
196 32
196 32
196 32
196 32
196 32
196 32
196 32
196 32
196 32
196 32
196 32
196 32
196 32
196 32
196 32
196 32
196 32
196 32
196 32
196 32
196 32
196 32
196 32
196 32
196 32
196 32
196 32
196 32
196 32
196 32
196 32
196 32
196 32
196 32
196 32
196 32
196 32
196 32
196 32
196 32
196 32
196 32
196 32
196 32
196 32
196 32
196 32
196 32
196 32
196 32
196 32
196 32
196 32
196 32
196 32
196 32
196 32
196 32
196 32
196 32
196 32
196 32
196 32
196 32
196 32
196 32
196 32
196 32
196 32
196 32
196 32
196 32
196 32
196 32
196 32
196 32
Compute cycles: 853093
Stall cycles: 741926
Overall utilization: 13.23%
Mapping efficiency: 63.02%
Average IFMAP SRAM BW: 44.768 words/cycle
Average Filter SRAM BW: 1.383 words/cycle
Average Filter Metadata SRAM BW: 0.130 words/cycle
Average OFMAP SRAM BW: 4.235 words/cycle
Average IFMAP DRAM BW: 49.995 words/cycle
Average Filter DRAM BW: 49.998 words/cycle
Average OFMAP DRAM BW: 4.598 words/cycle
************ SCALE SIM Run Complete ****************
