====================================================
******************* SCALE SIM **********************
====================================================
Array Size: 	64x64
SRAM IFMAP (kB): 	64
SRAM Filter (kB): 	64
SRAM OFMAP (kB): 	64
Dataflow: 	Weight Stationary
CSV file path: 	topologies/sparsity/vit_b.csv
Bandwidth: 	50
Working in USE USER BANDWIDTH mode.
====================================================

Running Layer 0
196 128
196 128
196 128
196 128
196 128
196 128
196 128
196 128
196 128
196 128
196 128
196 128
196 128
196 128
196 128
196 128
196 128
196 128
Compute cycles: 90307
Stall cycles: 83360
Overall utilization: 7.81%
Mapping efficiency: 59.96%
Average IFMAP SRAM BW: 52.863 words/cycle
Average Filter SRAM BW: 0.816 words/cycle
Average Filter Metadata SRAM BW: 0.077 words/cycle
Average OFMAP SRAM BW: 2.500 words/cycle
Average IFMAP DRAM BW: 49.924 words/cycle
Average Filter DRAM BW: 49.962 words/cycle
Average OFMAP DRAM BW: 2.924 words/cycle

Running Layer 1
196 128
196 128
196 128
196 128
196 128
196 128
196 128
196 128
196 128
196 128
196 128
196 128
196 128
196 128
196 128
196 128
196 128
196 128
196 128
Compute cycles: 7333
Stall cycles: 0
Overall utilization: 49.11%
Mapping efficiency: 27.36%
Average IFMAP SRAM BW: 687.182 words/cycle
Average Filter SRAM BW: 5.132 words/cycle
Average Filter Metadata SRAM BW: 0.481 words/cycle
Average OFMAP SRAM BW: 31.433 words/cycle
Average IFMAP DRAM BW: 50.000 words/cycle
Average Filter DRAM BW: 50.000 words/cycle
Average OFMAP DRAM BW: 36.552 words/cycle

Running Layer 2
196 128
196 128
196 128
196 128
196 128
196 128
196 128
196 128
196 128
196 128
Compute cycles: 226785
Stall cycles: 222926
Overall utilization: 1.59%
Mapping efficiency: 57.27%
Average IFMAP SRAM BW: 11.695 words/cycle
Average Filter SRAM BW: 0.167 words/cycle
Average Filter Metadata SRAM BW: 0.016 words/cycle
Average OFMAP SRAM BW: 0.553 words/cycle
Average IFMAP DRAM BW: 49.924 words/cycle
Average Filter DRAM BW: 50.000 words/cycle
Average OFMAP DRAM BW: 0.736 words/cycle

Running Layer 3
196 128
196 128
196 128
196 128
196 128
196 128
196 128
196 128
196 128
196 128
196 128
196 128
196 128
196 128
196 128
196 128
196 128
196 128
196 128
196 128
196 128
196 128
196 128
196 128
196 128
196 128
196 128
196 128
196 128
196 128
196 128
196 128
196 128
196 128
196 128
196 128
196 128
196 128
196 128
196 128
196 128
196 128
196 128
196 128
196 128
196 128
196 128
196 128
196 128
196 128
196 128
196 128
196 128
196 128
196 128
196 128
196 128
196 128
196 128
196 128
196 128
196 128
196 128
196 128
196 128
196 128
196 128
196 128
196 128
196 128
196 128
196 128
196 128
196 128
196 128
196 128
196 128
196 128
196 128
196 128
196 128
196 128
196 128
196 128
196 128
196 128
196 128
196 128
196 128
196 128
196 128
196 128
196 128
196 128
196 128
196 128
196 128
196 128
196 128
196 128
196 128
196 128
196 128
196 128
196 128
196 128
196 128
196 128
196 128
196 128
196 128
196 128
196 128
196 128
196 128
196 128
196 128
196 128
196 128
196 128
196 128
196 128
196 128
196 128
196 128
196 128
196 128
196 128
196 128
196 128
196 128
196 128
196 128
196 128
196 128
196 128
196 128
196 128
196 128
196 128
196 128
196 128
196 128
196 128
196 128
196 128
196 128
196 128
196 128
196 128
196 128
196 128
196 128
196 128
196 128
196 128
196 128
196 128
196 128
196 128
196 128
196 128
196 128
196 128
196 128
196 128
196 128
196 128
196 128
196 128
196 128
196 128
196 128
196 128
196 128
196 128
196 128
196 128
196 128
196 128
196 128
196 128
196 128
196 128
196 128
196 128
196 128
196 128
196 128
196 128
196 128
196 128
196 128
196 128
196 128
196 128
196 128
196 128
196 128
196 128
196 128
196 128
196 128
196 128
196 128
196 128
196 128
196 128
196 128
196 128
196 128
196 128
196 128
196 128
196 128
196 128
196 128
196 128
196 128
196 128
196 128
196 128
196 128
196 128
196 128
196 128
196 128
196 128
196 128
196 128
196 128
196 128
196 128
196 128
196 128
196 128
196 128
196 128
196 128
196 128
196 128
196 128
196 128
196 128
196 128
196 128
196 128
196 128
196 128
196 128
196 128
196 128
196 128
196 128
196 128
196 128
196 128
196 128
196 128
196 128
196 128
196 128
196 128
196 128
196 128
196 128
196 128
196 128
196 128
196 128
196 128
196 128
196 128
196 128
196 128
196 128
196 128
196 128
196 128
196 128
196 128
196 128
196 128
196 128
196 128
196 128
196 128
196 128
Compute cycles: 1450283
Stall cycles: 1339116
Overall utilization: 7.78%
Mapping efficiency: 55.96%
Average IFMAP SRAM BW: 52.667 words/cycle
Average Filter SRAM BW: 0.813 words/cycle
Average Filter Metadata SRAM BW: 0.076 words/cycle
Average OFMAP SRAM BW: 2.491 words/cycle
Average IFMAP DRAM BW: 49.924 words/cycle
Average Filter DRAM BW: 49.924 words/cycle
Average OFMAP DRAM BW: 2.514 words/cycle

Running Layer 4
196 128
196 128
196 128
196 128
196 128
196 128
196 128
196 128
196 128
196 128
196 128
196 128
196 128
196 128
196 128
196 128
196 128
196 128
196 128
196 128
196 128
196 128
196 128
196 128
196 128
196 128
196 128
196 128
196 128
196 128
196 128
196 128
196 128
196 128
196 128
196 128
196 128
196 128
196 128
196 128
196 128
196 128
196 128
196 128
196 128
196 128
196 128
196 128
196 128
196 128
196 128
196 128
196 128
196 128
196 128
196 128
196 128
196 128
196 128
196 128
196 128
196 128
196 128
196 128
196 128
196 128
196 128
196 128
196 128
196 128
196 128
196 128
196 128
196 128
196 128
196 128
196 128
196 128
196 128
196 128
196 128
196 128
196 128
196 128
196 128
196 128
196 128
196 128
196 128
196 128
196 128
196 128
196 128
196 128
196 128
196 128
196 128
196 128
196 128
196 128
196 128
196 128
196 128
196 128
196 128
196 128
196 128
196 128
196 128
196 128
196 128
196 128
196 128
196 128
196 128
196 128
196 128
196 128
196 128
196 128
196 128
196 128
196 128
196 128
196 128
196 128
196 128
196 128
196 128
196 128
196 128
196 128
196 128
196 128
196 128
196 128
196 128
196 128
196 128
196 128
196 128
196 128
196 128
196 128
196 128
196 128
196 128
196 128
196 128
196 128
196 128
196 128
196 128
196 128
196 128
196 128
196 128
196 128
196 128
196 128
196 128
196 128
196 128
196 128
196 128
196 128
196 128
196 128
196 128
196 128
196 128
196 128
196 128
196 128
196 128
196 128
196 128
196 128
196 128
196 128
196 128
196 128
196 128
196 128
196 128
196 128
196 128
196 128
196 128
196 128
196 128
196 128
196 128
196 128
196 128
196 128
196 128
196 128
196 128
196 128
196 128
196 128
196 128
196 128
196 128
196 128
196 128
196 128
196 128
196 128
196 128
196 128
196 128
196 128
196 128
196 128
196 128
196 128
196 128
196 128
196 128
196 128
196 128
196 128
196 128
196 128
196 128
196 128
196 128
196 128
196 128
196 128
196 128
196 128
196 128
196 128
196 128
196 128
196 128
196 128
196 128
196 128
196 128
196 128
196 128
196 128
196 128
196 128
196 128
196 128
196 128
196 128
196 128
196 128
196 128
196 128
196 128
196 128
196 128
196 128
196 128
196 128
196 128
196 128
196 128
196 128
196 128
196 128
196 128
196 128
196 128
196 128
196 128
196 128
196 128
196 128
196 128
196 128
196 128
196 128
196 128
196 128
196 128
196 128
196 128
196 128
196 128
196 128
Compute cycles: 6634137
Stall cycles: 6522970
Overall utilization: 1.70%
Mapping efficiency: 57.57%
Average IFMAP SRAM BW: 11.514 words/cycle
Average Filter SRAM BW: 0.178 words/cycle
Average Filter Metadata SRAM BW: 0.017 words/cycle
Average OFMAP SRAM BW: 0.545 words/cycle
Average IFMAP DRAM BW: 49.924 words/cycle
Average Filter DRAM BW: 49.924 words/cycle
Average OFMAP DRAM BW: 0.548 words/cycle
************ SCALE SIM Run Complete ****************
