====================================================
******************* SCALE SIM **********************
====================================================
Array Size: 	64x64
SRAM IFMAP (kB): 	1024
SRAM Filter (kB): 	1024
SRAM OFMAP (kB): 	1024
Dataflow: 	Weight Stationary
CSV file path: 	topologies/sparsity/vit_b.csv
Bandwidth: 	50
Working in USE USER BANDWIDTH mode.
====================================================

Running Layer 0
196 128
196 128
196 128
196 128
196 128
196 128
196 128
196 128
196 128
196 128
196 128
196 128
196 128
196 128
196 128
196 128
196 128
196 128
Compute cycles: 6947
Stall cycles: 0
Overall utilization: 101.57%
Mapping efficiency: 55.47%
Average IFMAP SRAM BW: 687.187 words/cycle
Average Filter SRAM BW: 10.613 words/cycle
Average Filter Metadata SRAM BW: 0.995 words/cycle
Average OFMAP SRAM BW: 32.502 words/cycle
Average IFMAP DRAM BW: 50.000 words/cycle
Average Filter DRAM BW: 50.000 words/cycle
Average OFMAP DRAM BW: 49.998 words/cycle

Running Layer 1
196 128
196 128
196 128
196 128
196 128
196 128
196 128
196 128
196 128
196 128
196 128
196 128
196 128
196 128
196 128
196 128
196 128
196 128
196 128
Compute cycles: 7333
Stall cycles: 0
Overall utilization: 49.11%
Mapping efficiency: 26.19%
Average IFMAP SRAM BW: 687.182 words/cycle
Average Filter SRAM BW: 5.132 words/cycle
Average Filter Metadata SRAM BW: 0.481 words/cycle
Average OFMAP SRAM BW: 31.433 words/cycle
Average IFMAP DRAM BW: 50.000 words/cycle
Average Filter DRAM BW: 50.000 words/cycle
Average OFMAP DRAM BW: 49.999 words/cycle

Running Layer 2
196 128
196 128
196 128
196 128
196 128
196 128
196 128
196 128
196 128
196 128
Compute cycles: 3859
Stall cycles: 0
Overall utilization: 93.33%
Mapping efficiency: 51.49%
Average IFMAP SRAM BW: 687.266 words/cycle
Average Filter SRAM BW: 9.818 words/cycle
Average Filter Metadata SRAM BW: 0.920 words/cycle
Average OFMAP SRAM BW: 32.506 words/cycle
Average IFMAP DRAM BW: 50.000 words/cycle
Average Filter DRAM BW: 50.000 words/cycle
Average OFMAP DRAM BW: 49.996 words/cycle

Running Layer 3
196 128
196 128
196 128
196 128
196 128
196 128
196 128
196 128
196 128
196 128
196 128
196 128
196 128
196 128
196 128
196 128
196 128
196 128
196 128
196 128
196 128
196 128
196 128
196 128
196 128
196 128
196 128
196 128
196 128
196 128
196 128
196 128
196 128
196 128
196 128
196 128
196 128
196 128
196 128
196 128
196 128
196 128
196 128
196 128
196 128
196 128
196 128
196 128
196 128
196 128
196 128
196 128
196 128
196 128
196 128
196 128
196 128
196 128
196 128
196 128
196 128
196 128
196 128
196 128
196 128
196 128
196 128
196 128
196 128
196 128
196 128
196 128
196 128
196 128
196 128
196 128
196 128
196 128
196 128
196 128
196 128
196 128
196 128
196 128
196 128
196 128
196 128
196 128
196 128
196 128
196 128
196 128
196 128
196 128
196 128
196 128
196 128
196 128
196 128
196 128
196 128
196 128
196 128
196 128
196 128
196 128
196 128
196 128
196 128
196 128
196 128
196 128
196 128
196 128
196 128
196 128
196 128
196 128
196 128
196 128
196 128
196 128
196 128
196 128
196 128
196 128
196 128
196 128
196 128
196 128
196 128
196 128
196 128
196 128
196 128
196 128
196 128
196 128
196 128
196 128
196 128
196 128
196 128
196 128
196 128
196 128
196 128
196 128
196 128
196 128
196 128
196 128
196 128
196 128
196 128
196 128
196 128
196 128
196 128
196 128
196 128
196 128
196 128
196 128
196 128
196 128
196 128
196 128
196 128
196 128
196 128
196 128
196 128
196 128
196 128
196 128
196 128
196 128
196 128
196 128
196 128
196 128
196 128
196 128
196 128
196 128
196 128
196 128
196 128
196 128
196 128
196 128
196 128
196 128
196 128
196 128
196 128
196 128
196 128
196 128
196 128
196 128
196 128
196 128
196 128
196 128
196 128
196 128
196 128
196 128
196 128
196 128
196 128
196 128
196 128
196 128
196 128
196 128
196 128
196 128
196 128
196 128
196 128
196 128
196 128
196 128
196 128
196 128
196 128
196 128
196 128
196 128
196 128
196 128
196 128
196 128
196 128
196 128
196 128
196 128
196 128
196 128
196 128
196 128
196 128
196 128
196 128
196 128
196 128
196 128
196 128
196 128
196 128
196 128
196 128
196 128
196 128
196 128
196 128
196 128
196 128
196 128
196 128
196 128
196 128
196 128
196 128
196 128
196 128
196 128
196 128
196 128
196 128
196 128
196 128
196 128
196 128
196 128
196 128
196 128
196 128
196 128
196 128
196 128
196 128
196 128
196 128
196 128
Compute cycles: 111167
Stall cycles: 0
Overall utilization: 101.56%
Mapping efficiency: 55.56%
Average IFMAP SRAM BW: 687.094 words/cycle
Average Filter SRAM BW: 10.611 words/cycle
Average Filter Metadata SRAM BW: 0.995 words/cycle
Average OFMAP SRAM BW: 32.498 words/cycle
Average IFMAP DRAM BW: 50.000 words/cycle
Average Filter DRAM BW: 49.998 words/cycle
Average OFMAP DRAM BW: 34.615 words/cycle

Running Layer 4
196 128
196 128
196 128
196 128
196 128
196 128
196 128
196 128
196 128
196 128
196 128
196 128
196 128
196 128
196 128
196 128
196 128
196 128
196 128
196 128
196 128
196 128
196 128
196 128
196 128
196 128
196 128
196 128
196 128
196 128
196 128
196 128
196 128
196 128
196 128
196 128
196 128
196 128
196 128
196 128
196 128
196 128
196 128
196 128
196 128
196 128
196 128
196 128
196 128
196 128
196 128
196 128
196 128
196 128
196 128
196 128
196 128
196 128
196 128
196 128
196 128
196 128
196 128
196 128
196 128
196 128
196 128
196 128
196 128
196 128
196 128
196 128
196 128
196 128
196 128
196 128
196 128
196 128
196 128
196 128
196 128
196 128
196 128
196 128
196 128
196 128
196 128
196 128
196 128
196 128
196 128
196 128
196 128
196 128
196 128
196 128
196 128
196 128
196 128
196 128
196 128
196 128
196 128
196 128
196 128
196 128
196 128
196 128
196 128
196 128
196 128
196 128
196 128
196 128
196 128
196 128
196 128
196 128
196 128
196 128
196 128
196 128
196 128
196 128
196 128
196 128
196 128
196 128
196 128
196 128
196 128
196 128
196 128
196 128
196 128
196 128
196 128
196 128
196 128
196 128
196 128
196 128
196 128
196 128
196 128
196 128
196 128
196 128
196 128
196 128
196 128
196 128
196 128
196 128
196 128
196 128
196 128
196 128
196 128
196 128
196 128
196 128
196 128
196 128
196 128
196 128
196 128
196 128
196 128
196 128
196 128
196 128
196 128
196 128
196 128
196 128
196 128
196 128
196 128
196 128
196 128
196 128
196 128
196 128
196 128
196 128
196 128
196 128
196 128
196 128
196 128
196 128
196 128
196 128
196 128
196 128
196 128
196 128
196 128
196 128
196 128
196 128
196 128
196 128
196 128
196 128
196 128
196 128
196 128
196 128
196 128
196 128
196 128
196 128
196 128
196 128
196 128
196 128
196 128
196 128
196 128
196 128
196 128
196 128
196 128
196 128
196 128
196 128
196 128
196 128
196 128
196 128
196 128
196 128
196 128
196 128
196 128
196 128
196 128
196 128
196 128
196 128
196 128
196 128
196 128
196 128
196 128
196 128
196 128
196 128
196 128
196 128
196 128
196 128
196 128
196 128
196 128
196 128
196 128
196 128
196 128
196 128
196 128
196 128
196 128
196 128
196 128
196 128
196 128
196 128
196 128
196 128
196 128
196 128
196 128
196 128
196 128
196 128
196 128
196 128
196 128
196 128
196 128
196 128
196 128
196 128
196 128
196 128
Compute cycles: 853101
Stall cycles: 741934
Overall utilization: 13.23%
Mapping efficiency: 56.98%
Average IFMAP SRAM BW: 89.535 words/cycle
Average Filter SRAM BW: 1.383 words/cycle
Average Filter Metadata SRAM BW: 0.130 words/cycle
Average OFMAP SRAM BW: 4.235 words/cycle
Average IFMAP DRAM BW: 49.995 words/cycle
Average Filter DRAM BW: 49.998 words/cycle
Average OFMAP DRAM BW: 4.598 words/cycle
************ SCALE SIM Run Complete ****************
