====================================================
******************* SCALE SIM **********************
====================================================
Array Size: 	64x64
SRAM IFMAP (kB): 	512
SRAM Filter (kB): 	512
SRAM OFMAP (kB): 	512
Dataflow: 	Weight Stationary
CSV file path: 	topologies/sparsity/vit_b.csv
Bandwidth: 	50
Working in USE USER BANDWIDTH mode.
====================================================

Running Layer 0
196 32
196 32
196 32
196 32
196 32
196 32
196 32
196 32
196 32
196 32
196 32
196 32
196 32
196 32
196 32
196 32
196 32
196 32
Compute cycles: 6947
Stall cycles: 0
Overall utilization: 101.57%
Mapping efficiency: 61.07%
Average IFMAP SRAM BW: 343.593 words/cycle
Average Filter SRAM BW: 10.613 words/cycle
Average Filter Metadata SRAM BW: 0.995 words/cycle
Average OFMAP SRAM BW: 32.502 words/cycle
Average IFMAP DRAM BW: 50.000 words/cycle
Average Filter DRAM BW: 50.000 words/cycle
Average OFMAP DRAM BW: 49.998 words/cycle

Running Layer 1
196 32
196 32
196 32
196 32
196 32
196 32
196 32
196 32
196 32
196 32
196 32
196 32
196 32
196 32
196 32
196 32
196 32
196 32
196 32
Compute cycles: 7333
Stall cycles: 0
Overall utilization: 49.11%
Mapping efficiency: 29.54%
Average IFMAP SRAM BW: 343.591 words/cycle
Average Filter SRAM BW: 5.132 words/cycle
Average Filter Metadata SRAM BW: 0.481 words/cycle
Average OFMAP SRAM BW: 31.433 words/cycle
Average IFMAP DRAM BW: 50.000 words/cycle
Average Filter DRAM BW: 50.000 words/cycle
Average OFMAP DRAM BW: 49.999 words/cycle

Running Layer 2
196 32
196 32
196 32
196 32
196 32
196 32
196 32
196 32
196 32
196 32
Compute cycles: 3859
Stall cycles: 0
Overall utilization: 93.33%
Mapping efficiency: 56.35%
Average IFMAP SRAM BW: 343.633 words/cycle
Average Filter SRAM BW: 9.818 words/cycle
Average Filter Metadata SRAM BW: 0.920 words/cycle
Average OFMAP SRAM BW: 32.506 words/cycle
Average IFMAP DRAM BW: 50.000 words/cycle
Average Filter DRAM BW: 50.000 words/cycle
Average OFMAP DRAM BW: 49.996 words/cycle

Running Layer 3
196 32
196 32
196 32
196 32
196 32
196 32
196 32
196 32
196 32
196 32
196 32
196 32
196 32
196 32
196 32
196 32
196 32
196 32
196 32
196 32
196 32
196 32
196 32
196 32
196 32
196 32
196 32
196 32
196 32
196 32
196 32
196 32
196 32
196 32
196 32
196 32
196 32
196 32
196 32
196 32
196 32
196 32
196 32
196 32
196 32
196 32
196 32
196 32
196 32
196 32
196 32
196 32
196 32
196 32
196 32
196 32
196 32
196 32
196 32
196 32
196 32
196 32
196 32
196 32
196 32
196 32
196 32
196 32
196 32
196 32
196 32
196 32
196 32
196 32
196 32
196 32
196 32
196 32
196 32
196 32
196 32
196 32
196 32
196 32
196 32
196 32
196 32
196 32
196 32
196 32
196 32
196 32
196 32
196 32
196 32
196 32
196 32
196 32
196 32
196 32
196 32
196 32
196 32
196 32
196 32
196 32
196 32
196 32
196 32
196 32
196 32
196 32
196 32
196 32
196 32
196 32
196 32
196 32
196 32
196 32
196 32
196 32
196 32
196 32
196 32
196 32
196 32
196 32
196 32
196 32
196 32
196 32
196 32
196 32
196 32
196 32
196 32
196 32
196 32
196 32
196 32
196 32
196 32
196 32
196 32
196 32
196 32
196 32
196 32
196 32
196 32
196 32
196 32
196 32
196 32
196 32
196 32
196 32
196 32
196 32
196 32
196 32
196 32
196 32
196 32
196 32
196 32
196 32
196 32
196 32
196 32
196 32
196 32
196 32
196 32
196 32
196 32
196 32
196 32
196 32
196 32
196 32
196 32
196 32
196 32
196 32
196 32
196 32
196 32
196 32
196 32
196 32
196 32
196 32
196 32
196 32
196 32
196 32
196 32
196 32
196 32
196 32
196 32
196 32
196 32
196 32
196 32
196 32
196 32
196 32
196 32
196 32
196 32
196 32
196 32
196 32
196 32
196 32
196 32
196 32
196 32
196 32
196 32
196 32
196 32
196 32
196 32
196 32
196 32
196 32
196 32
196 32
196 32
196 32
196 32
196 32
196 32
196 32
196 32
196 32
196 32
196 32
196 32
196 32
196 32
196 32
196 32
196 32
196 32
196 32
196 32
196 32
196 32
196 32
196 32
196 32
196 32
196 32
196 32
196 32
196 32
196 32
196 32
196 32
196 32
196 32
196 32
196 32
196 32
196 32
196 32
196 32
196 32
196 32
196 32
196 32
196 32
196 32
196 32
196 32
196 32
196 32
196 32
196 32
196 32
196 32
196 32
196 32
Compute cycles: 154546
Stall cycles: 43379
Overall utilization: 73.05%
Mapping efficiency: 61.93%
Average IFMAP SRAM BW: 247.118 words/cycle
Average Filter SRAM BW: 7.633 words/cycle
Average Filter Metadata SRAM BW: 0.716 words/cycle
Average OFMAP SRAM BW: 23.376 words/cycle
Average IFMAP DRAM BW: 50.000 words/cycle
Average Filter DRAM BW: 49.991 words/cycle
Average OFMAP DRAM BW: 23.991 words/cycle

Running Layer 4
196 32
196 32
196 32
196 32
196 32
196 32
196 32
196 32
196 32
196 32
196 32
196 32
196 32
196 32
196 32
196 32
196 32
196 32
196 32
196 32
196 32
196 32
196 32
196 32
196 32
196 32
196 32
196 32
196 32
196 32
196 32
196 32
196 32
196 32
196 32
196 32
196 32
196 32
196 32
196 32
196 32
196 32
196 32
196 32
196 32
196 32
196 32
196 32
196 32
196 32
196 32
196 32
196 32
196 32
196 32
196 32
196 32
196 32
196 32
196 32
196 32
196 32
196 32
196 32
196 32
196 32
196 32
196 32
196 32
196 32
196 32
196 32
196 32
196 32
196 32
196 32
196 32
196 32
196 32
196 32
196 32
196 32
196 32
196 32
196 32
196 32
196 32
196 32
196 32
196 32
196 32
196 32
196 32
196 32
196 32
196 32
196 32
196 32
196 32
196 32
196 32
196 32
196 32
196 32
196 32
196 32
196 32
196 32
196 32
196 32
196 32
196 32
196 32
196 32
196 32
196 32
196 32
196 32
196 32
196 32
196 32
196 32
196 32
196 32
196 32
196 32
196 32
196 32
196 32
196 32
196 32
196 32
196 32
196 32
196 32
196 32
196 32
196 32
196 32
196 32
196 32
196 32
196 32
196 32
196 32
196 32
196 32
196 32
196 32
196 32
196 32
196 32
196 32
196 32
196 32
196 32
196 32
196 32
196 32
196 32
196 32
196 32
196 32
196 32
196 32
196 32
196 32
196 32
196 32
196 32
196 32
196 32
196 32
196 32
196 32
196 32
196 32
196 32
196 32
196 32
196 32
196 32
196 32
196 32
196 32
196 32
196 32
196 32
196 32
196 32
196 32
196 32
196 32
196 32
196 32
196 32
196 32
196 32
196 32
196 32
196 32
196 32
196 32
196 32
196 32
196 32
196 32
196 32
196 32
196 32
196 32
196 32
196 32
196 32
196 32
196 32
196 32
196 32
196 32
196 32
196 32
196 32
196 32
196 32
196 32
196 32
196 32
196 32
196 32
196 32
196 32
196 32
196 32
196 32
196 32
196 32
196 32
196 32
196 32
196 32
196 32
196 32
196 32
196 32
196 32
196 32
196 32
196 32
196 32
196 32
196 32
196 32
196 32
196 32
196 32
196 32
196 32
196 32
196 32
196 32
196 32
196 32
196 32
196 32
196 32
196 32
196 32
196 32
196 32
196 32
196 32
196 32
196 32
196 32
196 32
196 32
196 32
196 32
196 32
196 32
196 32
196 32
196 32
196 32
196 32
196 32
196 32
196 32
Compute cycles: 578895
Stall cycles: 467728
Overall utilization: 19.50%
Mapping efficiency: 61.85%
Average IFMAP SRAM BW: 65.972 words/cycle
Average Filter SRAM BW: 2.038 words/cycle
Average Filter Metadata SRAM BW: 0.191 words/cycle
Average OFMAP SRAM BW: 6.241 words/cycle
Average IFMAP DRAM BW: 49.991 words/cycle
Average Filter DRAM BW: 49.991 words/cycle
Average OFMAP DRAM BW: 6.580 words/cycle
************ SCALE SIM Run Complete ****************
