====================================================
******************* SCALE SIM **********************
====================================================
Array Size: 	64x64
SRAM IFMAP (kB): 	256
SRAM Filter (kB): 	256
SRAM OFMAP (kB): 	256
Dataflow: 	Weight Stationary
CSV file path: 	topologies/sparsity/vit_b.csv
Bandwidth: 	50
Working in USE USER BANDWIDTH mode.
====================================================

Running Layer 0
196 128
196 128
196 128
196 128
196 128
196 128
196 128
196 128
196 128
196 128
196 128
196 128
196 128
196 128
196 128
196 128
196 128
196 128
Compute cycles: 44065
Stall cycles: 37118
Overall utilization: 16.01%
Mapping efficiency: 54.95%
Average IFMAP SRAM BW: 108.337 words/cycle
Average Filter SRAM BW: 1.673 words/cycle
Average Filter Metadata SRAM BW: 0.157 words/cycle
Average OFMAP SRAM BW: 5.124 words/cycle
Average IFMAP DRAM BW: 49.982 words/cycle
Average Filter DRAM BW: 50.000 words/cycle
Average OFMAP DRAM BW: 8.461 words/cycle

Running Layer 1
196 128
196 128
196 128
196 128
196 128
196 128
196 128
196 128
196 128
196 128
196 128
196 128
196 128
196 128
196 128
196 128
196 128
196 128
196 128
Compute cycles: 7333
Stall cycles: 0
Overall utilization: 49.11%
Mapping efficiency: 27.53%
Average IFMAP SRAM BW: 687.182 words/cycle
Average Filter SRAM BW: 5.132 words/cycle
Average Filter Metadata SRAM BW: 0.481 words/cycle
Average OFMAP SRAM BW: 31.433 words/cycle
Average IFMAP DRAM BW: 50.000 words/cycle
Average Filter DRAM BW: 50.000 words/cycle
Average OFMAP DRAM BW: 44.190 words/cycle

Running Layer 2
196 128
196 128
196 128
196 128
196 128
196 128
196 128
196 128
196 128
196 128
Compute cycles: 5049
Stall cycles: 1190
Overall utilization: 71.33%
Mapping efficiency: 56.19%
Average IFMAP SRAM BW: 525.284 words/cycle
Average Filter SRAM BW: 7.504 words/cycle
Average Filter Metadata SRAM BW: 0.704 words/cycle
Average OFMAP SRAM BW: 24.845 words/cycle
Average IFMAP DRAM BW: 49.990 words/cycle
Average Filter DRAM BW: 50.000 words/cycle
Average OFMAP DRAM BW: 49.996 words/cycle

Running Layer 3
196 128
196 128
196 128
196 128
196 128
196 128
196 128
196 128
196 128
196 128
196 128
196 128
196 128
196 128
196 128
196 128
196 128
196 128
196 128
196 128
196 128
196 128
196 128
196 128
196 128
196 128
196 128
196 128
196 128
196 128
196 128
196 128
196 128
196 128
196 128
196 128
196 128
196 128
196 128
196 128
196 128
196 128
196 128
196 128
196 128
196 128
196 128
196 128
196 128
196 128
196 128
196 128
196 128
196 128
196 128
196 128
196 128
196 128
196 128
196 128
196 128
196 128
196 128
196 128
196 128
196 128
196 128
196 128
196 128
196 128
196 128
196 128
196 128
196 128
196 128
196 128
196 128
196 128
196 128
196 128
196 128
196 128
196 128
196 128
196 128
196 128
196 128
196 128
196 128
196 128
196 128
196 128
196 128
196 128
196 128
196 128
196 128
196 128
196 128
196 128
196 128
196 128
196 128
196 128
196 128
196 128
196 128
196 128
196 128
196 128
196 128
196 128
196 128
196 128
196 128
196 128
196 128
196 128
196 128
196 128
196 128
196 128
196 128
196 128
196 128
196 128
196 128
196 128
196 128
196 128
196 128
196 128
196 128
196 128
196 128
196 128
196 128
196 128
196 128
196 128
196 128
196 128
196 128
196 128
196 128
196 128
196 128
196 128
196 128
196 128
196 128
196 128
196 128
196 128
196 128
196 128
196 128
196 128
196 128
196 128
196 128
196 128
196 128
196 128
196 128
196 128
196 128
196 128
196 128
196 128
196 128
196 128
196 128
196 128
196 128
196 128
196 128
196 128
196 128
196 128
196 128
196 128
196 128
196 128
196 128
196 128
196 128
196 128
196 128
196 128
196 128
196 128
196 128
196 128
196 128
196 128
196 128
196 128
196 128
196 128
196 128
196 128
196 128
196 128
196 128
196 128
196 128
196 128
196 128
196 128
196 128
196 128
196 128
196 128
196 128
196 128
196 128
196 128
196 128
196 128
196 128
196 128
196 128
196 128
196 128
196 128
196 128
196 128
196 128
196 128
196 128
196 128
196 128
196 128
196 128
196 128
196 128
196 128
196 128
196 128
196 128
196 128
196 128
196 128
196 128
196 128
196 128
196 128
196 128
196 128
196 128
196 128
196 128
196 128
196 128
196 128
196 128
196 128
196 128
196 128
196 128
196 128
196 128
196 128
196 128
196 128
196 128
196 128
196 128
196 128
196 128
196 128
196 128
196 128
196 128
196 128
196 128
196 128
196 128
196 128
196 128
196 128
196 128
196 128
196 128
196 128
196 128
196 128
Compute cycles: 898851
Stall cycles: 787684
Overall utilization: 12.56%
Mapping efficiency: 56.12%
Average IFMAP SRAM BW: 84.978 words/cycle
Average Filter SRAM BW: 1.312 words/cycle
Average Filter Metadata SRAM BW: 0.123 words/cycle
Average OFMAP SRAM BW: 4.019 words/cycle
Average IFMAP DRAM BW: 49.981 words/cycle
Average Filter DRAM BW: 49.982 words/cycle
Average OFMAP DRAM BW: 4.100 words/cycle

Running Layer 4
196 128
196 128
196 128
196 128
196 128
196 128
196 128
196 128
196 128
196 128
196 128
196 128
196 128
196 128
196 128
196 128
196 128
196 128
196 128
196 128
196 128
196 128
196 128
196 128
196 128
196 128
196 128
196 128
196 128
196 128
196 128
196 128
196 128
196 128
196 128
196 128
196 128
196 128
196 128
196 128
196 128
196 128
196 128
196 128
196 128
196 128
196 128
196 128
196 128
196 128
196 128
196 128
196 128
196 128
196 128
196 128
196 128
196 128
196 128
196 128
196 128
196 128
196 128
196 128
196 128
196 128
196 128
196 128
196 128
196 128
196 128
196 128
196 128
196 128
196 128
196 128
196 128
196 128
196 128
196 128
196 128
196 128
196 128
196 128
196 128
196 128
196 128
196 128
196 128
196 128
196 128
196 128
196 128
196 128
196 128
196 128
196 128
196 128
196 128
196 128
196 128
196 128
196 128
196 128
196 128
196 128
196 128
196 128
196 128
196 128
196 128
196 128
196 128
196 128
196 128
196 128
196 128
196 128
196 128
196 128
196 128
196 128
196 128
196 128
196 128
196 128
196 128
196 128
196 128
196 128
196 128
196 128
196 128
196 128
196 128
196 128
196 128
196 128
196 128
196 128
196 128
196 128
196 128
196 128
196 128
196 128
196 128
196 128
196 128
196 128
196 128
196 128
196 128
196 128
196 128
196 128
196 128
196 128
196 128
196 128
196 128
196 128
196 128
196 128
196 128
196 128
196 128
196 128
196 128
196 128
196 128
196 128
196 128
196 128
196 128
196 128
196 128
196 128
196 128
196 128
196 128
196 128
196 128
196 128
196 128
196 128
196 128
196 128
196 128
196 128
196 128
196 128
196 128
196 128
196 128
196 128
196 128
196 128
196 128
196 128
196 128
196 128
196 128
196 128
196 128
196 128
196 128
196 128
196 128
196 128
196 128
196 128
196 128
196 128
196 128
196 128
196 128
196 128
196 128
196 128
196 128
196 128
196 128
196 128
196 128
196 128
196 128
196 128
196 128
196 128
196 128
196 128
196 128
196 128
196 128
196 128
196 128
196 128
196 128
196 128
196 128
196 128
196 128
196 128
196 128
196 128
196 128
196 128
196 128
196 128
196 128
196 128
196 128
196 128
196 128
196 128
196 128
196 128
196 128
196 128
196 128
196 128
196 128
196 128
196 128
196 128
196 128
196 128
196 128
196 128
196 128
196 128
196 128
196 128
196 128
196 128
196 128
196 128
196 128
196 128
196 128
196 128
196 128
196 128
196 128
196 128
196 128
196 128
Compute cycles: 1446573
Stall cycles: 1335406
Overall utilization: 7.80%
Mapping efficiency: 57.52%
Average IFMAP SRAM BW: 52.802 words/cycle
Average Filter SRAM BW: 0.815 words/cycle
Average Filter Metadata SRAM BW: 0.076 words/cycle
Average OFMAP SRAM BW: 2.497 words/cycle
Average IFMAP DRAM BW: 49.981 words/cycle
Average Filter DRAM BW: 49.981 words/cycle
Average OFMAP DRAM BW: 2.567 words/cycle
************ SCALE SIM Run Complete ****************
